#{"t_start": 1785394685.174621, "env_id": "None"}
r,l,t
-2.0,1,1.436957
-2.0,1,1.438498
-2.0,1,1.439809
-2.0,1,1.441199
-2.0,1,1.442599
-2.0,1,1.444093
-2.0,1,1.445515
-2.0,1,1.446898
-2.0,1,1.448228
-2.0,1,1.44951
-2.0,1,1.450878
-2.0,1,1.452225
-2.0,1,1.454942
-2.0,1,1.456229
-2.0,1,1.457516
-2.0,1,1.458818
-2.0,1,1.460135
-2.0,1,1.461389
-2.0,1,1.462696
-2.0,1,1.464036
-2.0,1,1.465409
-2.0,1,1.466715
-2.0,1,1.468022
-2.0,1,1.469309
-2.0,1,1.470592
-2.0,1,1.471892
-2.0,1,1.473198
-2.0,1,1.4745
-2.0,1,1.475823
-2.0,1,1.477215
-2.0,1,1.478648
-2.0,1,1.479979
-2.0,1,1.48129
-2.0,1,1.482585
-2.0,1,1.483884
-2.0,1,1.485146
-2.0,1,1.486435
-2.0,1,1.487709
-2.0,1,1.488963
-2.0,1,1.490237
5.0,1,1.491592
-2.0,1,1.492817
-2.0,1,1.494121
-2.0,1,1.495406
-2.0,1,1.496655
-2.0,1,1.49794
-2.0,1,1.499222
-2.0,1,1.500514
-2.0,1,1.501769
-2.0,1,1.503042
-2.0,1,1.504293
-2.0,1,1.505549
-2.0,1,1.506831
-2.0,1,1.508096
-2.0,1,1.509421
-2.0,1,1.510734
-2.0,1,1.512036
-2.0,1,1.513342
-2.0,1,1.514683
-2.0,1,1.516013
-2.0,1,1.517333
-2.0,1,1.518633
-2.0,1,1.519947
-2.0,1,1.521359
-2.0,1,1.522737
-2.0,1,1.524045
-2.0,1,1.525344
-2.0,1,1.526664
-2.0,1,1.527988
-2.0,1,1.52931
-2.0,1,1.530618
-2.0,1,1.531912
-2.0,1,1.533247
-2.0,1,1.534532
-2.0,1,1.53584
-2.0,1,1.537167
-2.0,1,1.538514
-2.0,1,1.539823
-2.0,1,1.541078
-2.0,1,1.542346
-2.0,1,1.543659
-2.0,1,1.544932
-2.0,1,1.54622
-2.0,1,1.547502
-2.0,1,1.548782
-2.0,1,1.550082
-2.0,1,1.551371
-2.0,1,1.552632
-2.0,1,1.553907
-2.0,1,1.555197
-2.0,1,1.556449
-2.0,1,1.557708
-2.0,1,1.558987
-2.0,1,1.560262
-2.0,1,1.561552
-2.0,1,1.56285
-2.0,1,1.564611
-2.0,1,1.565998
-2.0,1,1.567428
-2.0,1,1.568681
-2.0,1,1.569954
-2.0,1,1.571244
-2.0,1,1.572507
-2.0,1,1.573777
-2.0,1,1.575047
-2.05,2,1.577606
-2.0,1,1.578945
-2.0,1,1.580239
-2.0,1,1.581511
-2.0,1,1.582778
-2.0,1,1.584048
-2.0,1,1.585309
-2.0,1,1.586567
-2.0,1,1.587845
-2.0,1,1.589134
-2.0,1,1.590407
5.0,1,1.591731
-2.0,1,1.592964
-2.0,1,1.594263
-2.0,1,1.595559
-2.0,1,1.596827
-2.0,1,1.598161
-2.0,1,1.599483
-2.0,1,1.600753
-2.0,1,1.602033
-2.0,1,1.603316
-2.0,1,1.604585
-2.0,1,1.605843
-2.0,1,1.607247
-2.0,1,1.60852
-2.0,1,1.609786
-2.0,1,1.611122
-2.0,1,1.612387
-2.05,2,1.614965
-2.0,1,1.616246
-2.0,1,1.617536
-2.0,1,1.618825
-2.0,1,1.620149
-2.0,1,1.621451
-2.0,1,1.622786
-2.0,1,1.624102
-2.0,1,1.625376
-2.0,1,1.626641
-2.0,1,1.627933
-2.0,1,1.629247
-2.0,1,1.630574
-2.0,1,1.631917
-2.0,1,1.633291
-2.0,1,1.634648
-2.0,1,1.636001
-2.0,1,1.637376
-2.0,1,1.638741
-2.0,1,1.640167
-2.0,1,1.64152
5.0,1,1.64292
5.0,1,1.644267
-2.0,1,1.645613
-2.0,1,1.646968
-2.0,1,1.648309
-2.0,1,1.649806
-2.0,1,1.651175
-2.0,1,1.652543
-2.0,1,1.653924
-2.0,1,1.655297
-2.0,1,1.656675
-2.0,1,1.65803
-2.0,1,1.659417
-2.0,1,1.660822
-2.0,1,1.662185
-2.0,1,1.6636
-2.0,1,1.664958
5.0,1,1.666428
-2.0,1,1.667725
-2.0,1,1.669029
-2.0,1,1.670324
-2.0,1,1.671657
-2.0,1,1.672954
-2.0,1,1.674448
-2.0,1,1.675772
-2.0,1,1.677126
-2.0,1,1.678473
-2.0,1,1.679872
-2.0,1,1.681297
-2.0,1,1.68266
-2.0,1,1.683995
-2.0,1,1.685332
-2.0,1,1.686711
-2.0,1,1.688044
-2.0,1,1.689593
-2.0,1,1.69095
-2.0,1,1.692502
-2.0,1,1.693882
-2.0,1,1.695211
-2.0,1,1.696554
-2.0,1,1.697942
-2.0,1,1.699275
-2.0,1,1.700611
-2.0,1,1.701936
-2.0,1,1.703277
-2.0,1,1.704592
-2.0,1,1.705925
-2.0,1,1.70726
-2.0,1,1.708582
-2.0,1,1.709884
-2.0,1,1.711223
5.0,1,1.712582
-2.0,1,1.713917
-2.0,1,1.715298
-2.0,1,1.716712
-2.0,1,1.718089
5.0,1,1.719517
-2.0,1,1.720846
-2.0,1,1.722252
-2.0,1,1.72364
-2.0,1,1.724988
-2.0,1,1.726349
-2.0,1,1.727706
-2.0,1,1.729033
-2.0,1,1.730342
-2.0,1,1.731742
-2.0,1,1.733049
-2.0,1,1.734462
-2.0,1,1.735815
-2.0,1,1.737188
-2.0,1,1.738567
-2.0,1,1.739937
-2.0,1,1.741267
-2.0,1,1.742679
-2.0,1,1.744051
-2.0,1,1.745393
-2.0,1,1.746845
-2.0,1,1.748214
-2.0,1,1.749574
-2.0,1,1.750957
-2.0,1,1.752337
-2.0,1,1.753711
-2.0,1,1.755073
-2.0,1,1.756444
-2.0,1,1.757802
-2.0,1,1.759165
-2.0,1,1.760563
-2.0,1,1.761931
-2.0,1,1.763284
-2.0,1,1.764677
-2.0,1,1.76606
-2.0,1,1.767414
-2.0,1,1.768876
-2.0,1,1.770278
-2.0,1,1.77164
-2.0,1,1.772994
-2.0,1,1.77465
-2.0,1,1.776073
-2.0,1,1.77807
-2.0,1,1.779486
-2.0,1,1.780824
-2.0,1,1.782156
-2.0,1,1.783482
-2.0,1,1.784801
-2.0,1,1.786126
-2.0,1,1.787528
-2.0,1,1.788886
-2.0,1,1.790193
-2.0,1,1.791522
-2.0,1,1.792829
-2.0,1,1.794171
-2.0,1,1.795499
-2.0,1,1.796811
-2.0,1,1.798131
-2.0,1,1.799473
-2.0,1,1.800797
-2.0,1,1.802113
-2.0,1,1.80344
-2.0,1,1.804751
-2.0,1,1.80606
-2.0,1,1.807386
-2.0,1,1.808698
-2.0,1,1.810008
-2.0,1,1.811377
-2.0,1,1.812695
-2.0,1,1.81407
-2.05,2,1.816738
-2.0,1,1.818048
-2.0,1,1.81938
-2.0,1,1.820765
-2.0,1,1.822074
-2.0,1,1.823493
-2.0,1,1.824881
-2.0,1,1.826254
-2.0,1,1.827723
-2.0,1,1.829127
-2.0,1,1.830502
-2.0,1,1.831887
-2.0,1,1.833254
-2.0,1,1.834647
-2.0,1,1.836048
-2.0,1,1.837436
-2.0,1,1.838825
-2.0,1,1.840188
-2.0,1,1.841552
-2.0,1,1.842935
-2.0,1,1.844396
-2.0,1,1.845775
-2.0,1,1.847165
-2.0,1,1.848554
-2.0,1,1.84992
-2.0,1,1.851293
-2.0,1,1.852691
-2.0,1,1.854053
-2.0,1,1.855494
-2.0,1,1.856882
-2.0,1,1.858245
-2.0,1,1.859644
-2.0,1,1.861036
-2.0,1,1.862475
5.0,1,1.863975
-2.0,1,1.865483
-2.0,1,1.866882
-2.0,1,1.868235
-2.0,1,1.869648
-2.0,1,1.871075
-2.0,1,1.872437
-2.0,1,1.873802
-2.0,1,1.87518
-2.0,1,1.876578
-2.0,1,1.877969
-2.0,1,1.879363
-2.0,1,1.880823
-2.0,1,1.882198
-2.0,1,1.883575
-2.0,1,1.884933
-2.0,1,1.886302
-2.0,1,1.887691
-2.0,1,1.889151
-2.0,1,1.890642
-2.0,1,1.892035
-2.0,1,1.893391
-2.0,1,1.894798
-2.0,1,1.896184
-2.0,1,1.897556
-2.0,1,1.898952
-2.0,1,1.900385
-2.0,1,1.901739
-2.0,1,1.903194
-2.0,1,1.904581
-2.0,1,1.906002
-2.0,1,1.907407
-2.0,1,1.9088
-2.0,1,1.910243
-2.0,1,1.911606
-2.0,1,1.912965
-2.0,1,1.914359
-2.0,1,1.915737
-2.0,1,1.917176
-2.0,1,1.918591
-2.0,1,1.919977
-2.0,1,1.921368
-2.0,1,1.92276
-2.0,1,1.924211
-2.0,1,1.925589
-2.0,1,1.927003
-2.0,1,1.928435
-2.0,1,1.930027
-2.0,1,1.931738
-2.0,1,1.933384
-2.0,1,1.935402
-2.0,1,1.936973
-2.0,1,1.93853
-2.0,1,1.940011
-2.0,1,1.941669
-2.0,1,1.943232
-2.0,1,1.945462
-2.0,1,1.950808
-2.0,1,1.953458
-2.0,1,1.95576
-2.0,1,1.958233
-2.0,1,1.960194
-2.0,1,1.963077
-2.0,1,1.965703
-2.0,1,1.968483
-2.0,1,1.971055
-2.0,1,1.973938
-2.0,1,1.976222
-2.0,1,1.978829
-2.0,1,1.981026
-2.0,1,1.982937
-2.0,1,1.985008
-2.0,1,1.987102
-2.0,1,1.988955
-2.0,1,1.990842
-2.0,1,1.994647
-2.0,1,1.998892
-2.0,1,2.003097
-2.0,1,2.006179
-2.0,1,2.008986
-2.0,1,2.01323
-2.0,1,2.017861
-2.0,1,2.021552
-2.0,1,2.024601
-2.0,1,2.027509
-2.0,1,2.029311
-2.0,1,2.031027
-2.0,1,2.032931
-2.0,1,2.034676
-2.0,1,2.036366
-2.0,1,2.038034
-2.0,1,2.039711
5.0,1,2.041547
-2.0,1,2.044406
-2.0,1,2.047035
-2.0,1,2.049835
-2.0,1,2.051957
5.0,1,2.054037
-2.0,1,2.055689
-2.0,1,2.05761
-2.0,1,2.060557
-2.0,1,2.063383
-2.0,1,2.066604
-2.0,1,2.068844
-2.0,1,2.070598
-2.0,1,2.072351
-2.0,1,2.074035
-2.0,1,2.077001
-2.0,1,2.079904
-2.0,1,2.082255
-2.0,1,2.084093
-2.0,1,2.085853
-2.0,1,2.087902
-2.0,1,2.089641
-2.0,1,2.091486
-2.0,1,2.094499
-2.0,1,2.097474
-2.0,1,2.09981
-2.0,1,2.101856
-2.0,1,2.10367
-2.0,1,2.105416
-2.0,1,2.107159
-2.0,1,2.10937
-2.0,1,2.112361
-2.0,1,2.115333
-2.0,1,2.117372
-2.0,1,2.119349
-2.0,1,2.121254
-2.0,1,2.123071
-2.0,1,2.124787
-2.0,1,2.12779
-2.0,1,2.130194
-2.0,1,2.132771
-2.0,1,2.134894
-2.0,1,2.136928
-2.0,1,2.138816
-2.0,1,2.140919
-2.0,1,2.144023
-2.0,1,2.146925
-2.0,1,2.150131
-2.0,1,2.152552
-2.0,1,2.154713
-2.0,1,2.156643
-2.0,1,2.159024
-2.0,1,2.161736
-2.0,1,2.164035
-2.0,1,2.165884
-2.0,1,2.16768
-2.0,1,2.169487
-2.0,1,2.171267
-2.0,1,2.173021
-2.0,1,2.174827
-2.0,1,2.177062
-2.0,1,2.179265
-2.0,1,2.181026
-2.0,1,2.182722
-2.0,1,2.184449
-2.0,1,2.186159
-2.0,1,2.187904
-2.0,1,2.189608
-2.0,1,2.191505
-2.0,1,2.1935
-2.0,1,2.195481
-2.0,1,2.197504
-2.0,1,2.199264
-2.0,1,2.200997
-2.0,1,2.202762
-2.0,1,2.204659
-2.0,1,2.206441
-2.0,1,2.208185
-2.0,1,2.210229
-2.0,1,2.212608
-2.0,1,2.214339
-2.0,1,2.216052
-2.0,1,2.217786
-2.0,1,2.219549
-2.0,1,2.221264
-2.0,1,2.223026
-2.0,1,2.224749
-2.0,1,2.226714
-2.0,1,2.22875
-2.0,1,2.230487
-2.0,1,2.232184
-2.0,1,2.233896
-2.0,1,2.235636
-2.0,1,2.237349
-2.0,1,2.239092
-2.0,1,2.240804
-2.0,1,2.242625
-2.0,1,2.244518
-2.0,1,2.246622
-2.0,1,2.248473
-2.0,1,2.250236
-2.0,1,2.251958
-2.0,1,2.253975
-2.0,1,3.537214
5.0,1,3.539446
-2.0,1,3.5416
-2.0,1,3.543549
-2.0,1,3.545185
-2.0,1,3.547256
-2.0,1,3.549446
-2.0,1,3.552055
-2.0,1,3.554222
-2.0,1,3.556079
-2.0,1,3.557871
-2.0,1,3.559728
-2.0,1,3.561947
-2.0,1,3.563745
-2.0,1,3.565979
-2.0,1,3.568076
-2.0,1,3.570321
-2.0,1,3.572301
-2.0,1,3.574687
-2.0,1,3.576519
-2.0,1,3.578235
-2.0,1,3.58072
-2.0,1,3.582664
-2.0,1,3.584563
-2.0,1,3.586327
-2.0,1,3.588197
-2.0,1,3.589894
-2.0,1,3.591588
-2.0,1,3.593282
-2.0,1,3.595058
-2.0,1,3.597243
-2.0,1,3.599199
-2.0,1,3.600906
-2.0,1,3.602925
-2.0,1,3.604717
-2.0,1,3.606388
-2.0,1,3.608149
-2.0,1,3.61012
-2.0,1,3.612107
-2.0,1,3.614317
-2.0,1,3.616572
-2.0,1,3.618954
-2.0,1,3.621139
-2.0,1,3.623183
-2.0,1,3.625138
-2.0,1,3.627224
-2.0,1,3.629046
-2.0,1,3.630872
-2.0,1,3.632928
-2.0,1,3.635349
-2.0,1,3.637313
-2.0,1,3.639041
-2.0,1,3.640865
-2.0,1,3.642766
-2.0,1,3.64449
-2.0,1,3.646312
-2.0,1,3.648309
-2.0,1,3.650298
-2.0,1,3.652113
-2.0,1,3.653824
-2.0,1,3.655905
-2.0,1,3.657738
-2.0,1,3.65948
-2.0,1,3.66117
-2.0,1,3.663196
-2.0,1,3.665196
-2.0,1,3.66701
-2.0,1,3.668888
-2.0,1,3.670779
-2.0,1,3.672651
-2.0,1,3.674609
-2.0,1,3.676453
-2.0,1,3.678166
-2.0,1,3.680595
-2.0,1,3.682549
-2.0,1,3.684288
-2.0,1,3.686043
-2.0,1,3.687826
-2.0,1,3.689824
-2.0,1,3.691631
-2.0,1,3.693309
-2.0,1,3.695013
-2.0,1,3.69685
-2.0,1,3.698984
-2.0,1,3.700758
-2.0,1,3.702474
-2.0,1,3.704284
-2.0,1,3.706036
-2.0,1,3.70776
-2.0,1,3.709431
-2.0,1,3.711158
-2.0,1,3.712956
-2.0,1,3.715204
-2.0,1,3.717049
-2.0,1,3.718792
-2.0,1,3.720629
-2.0,1,3.722569
-2.0,1,3.724325
-2.0,1,3.72607
-2.0,1,3.72791
-2.0,1,3.729878
-2.0,1,3.731797
-2.0,1,3.733518
-2.0,1,3.735264
-2.0,1,3.736996
-2.0,1,3.738863
-2.0,1,3.740732
-2.0,1,3.74245
-2.0,1,3.744127
-2.0,1,3.745841
-2.0,1,3.747732
-2.0,1,3.749485
-2.0,1,3.751194
-2.0,1,3.752937
-2.0,1,3.75482
-2.0,1,3.756793
-2.0,1,3.758464
-2.0,1,3.760216
-2.0,1,3.761914
-2.0,1,3.764359
-2.0,1,3.766407
-2.0,1,3.768215
-2.0,1,3.770034
-2.0,1,3.77195
-2.0,1,3.773774
-2.0,1,3.77565
-2.0,1,3.777495
-2.0,1,3.779334
-2.0,1,3.781326
-2.0,1,3.783508
-2.0,1,3.785811
-2.0,1,3.787787
-2.0,1,3.789652
-2.0,1,3.791559
-2.0,1,3.793466
-2.0,1,3.795494
-2.0,1,3.797333
-2.0,1,3.799307
-2.0,1,3.801276
-2.0,1,3.803156
-2.0,1,3.805026
-2.0,1,3.806883
-2.0,1,3.808609
-2.0,1,3.810412
-2.0,1,3.81217
-2.0,1,3.814027
-2.0,1,3.815792
-2.0,1,3.817497
-2.0,1,3.819273
-2.0,1,3.820997
-2.0,1,3.822699
-2.0,1,3.824477
-2.0,1,3.826319
-2.0,1,3.828063
-2.0,1,3.829908
-2.0,1,3.831663
-2.0,1,3.833417
-2.0,1,3.835172
-2.0,1,3.836885
-2.0,1,3.838569
-2.0,1,3.840366
-2.0,1,3.842113
-2.0,1,3.843845
-2.0,1,3.845612
-2.0,1,3.847398
-2.0,1,3.849155
-2.0,1,3.850947
-2.0,1,3.852612
-2.0,1,3.854258
-2.0,1,3.855974
-2.0,1,3.857672
-2.0,1,3.859363
-2.0,1,3.86101
-2.0,1,3.862688
-2.0,1,3.864333
-2.0,1,3.866039
-2.0,1,3.867762
-2.0,1,3.869444
-2.0,1,3.871112
-2.0,1,3.872801
-2.0,1,3.874518
-2.0,1,3.876194
-2.0,1,3.877858
-2.0,1,3.880044
-2.0,1,3.881805
-2.0,1,3.883507
-2.0,1,3.885174
-2.0,1,3.886844
-2.0,1,3.88851
-2.0,1,3.890213
-2.0,1,3.891876
-2.0,1,3.893528
-2.0,1,3.895504
-2.0,1,3.897244
-2.0,1,3.898955
-2.0,1,3.900615
-2.0,1,3.902318
-2.0,1,3.904044
-2.0,1,3.905711
-2.0,1,3.907413
-2.0,1,3.909088
-2.0,1,3.910814
-2.0,1,3.912584
-2.0,1,3.914276
-2.0,1,3.916011
-2.0,1,3.917851
-2.0,1,3.919598
-2.0,1,3.921389
-2.0,1,3.923149
-2.0,1,3.924866
-2.0,1,3.926621
-2.0,1,3.928354
-2.0,1,3.930644
-2.0,1,3.932676
-2.0,1,3.934406
-2.0,1,3.936102
-2.0,1,3.937762
-2.0,1,3.93949
-2.0,1,3.94115
-2.0,1,3.942836
-2.0,1,3.944525
-2.0,1,3.946211
-2.0,1,3.94794
-2.0,1,3.949693
-2.0,1,3.951407
-2.0,1,3.953177
-2.0,1,3.955022
-2.0,1,3.956707
-2.0,1,3.958437
-2.0,1,3.960159
-2.0,1,3.961862
-2.0,1,3.963619
-2.0,1,3.965356
-2.0,1,3.967051
-2.0,1,3.968755
-2.0,1,3.970428
-2.0,1,3.972142
-2.0,1,3.973814
-2.0,1,3.975518
-2.0,1,3.977184
-2.0,1,3.97891
-2.0,1,3.980579
-2.0,1,3.982238
-2.0,1,3.983914
-2.0,1,3.985614
-2.0,1,3.987289
-2.0,1,3.988982
-2.0,1,3.990637
-2.0,1,3.992317
-2.0,1,3.994088
-2.0,1,3.995876
-2.0,1,3.997601
-2.0,1,3.999366
-2.05,2,4.00286
-2.0,1,4.00465
-2.0,1,4.006395
-2.0,1,4.008134
-2.0,1,4.009858
-2.0,1,4.011635
5.0,1,4.013504
-2.0,1,4.015204
-2.0,1,4.016904
-2.05,2,4.020356
-2.0,1,4.022084
-2.0,1,4.023799
-2.0,1,4.025535
-2.0,1,4.02726
-2.0,1,4.028975
-2.0,1,4.030756
-2.0,1,4.032488
-2.0,1,4.034146
-2.0,1,4.035841
-2.0,1,4.037509
-2.0,1,4.039253
-2.0,1,4.040944
-2.0,1,4.042758
-2.0,1,4.04452
-2.0,1,4.046312
-2.0,1,4.048119
-2.0,1,4.049866
-2.0,1,4.051662
-2.0,1,4.053395
-2.0,1,4.055135
-2.0,1,4.056839
-2.0,1,4.058582
-2.0,1,4.060308
-2.0,1,4.062153
-2.0,1,4.063924
-2.0,1,4.065647
-2.0,1,4.067375
-2.0,1,4.069113
-2.0,1,4.070822
-2.0,1,4.072529
-2.0,1,4.074291
-2.0,1,4.076024
-2.0,1,4.077752
-2.0,1,4.079568
-2.0,1,4.081352
-2.0,1,4.083129
-2.0,1,4.084888
-2.0,1,4.086603
-2.0,1,4.088341
-2.0,1,4.090147
-2.0,1,4.091962
-2.0,1,4.093675
-2.0,1,4.095523
-2.0,1,4.097331
-2.0,1,4.099134
-2.0,1,4.100855
-2.0,1,4.102573
-2.0,1,4.104287
-2.0,1,4.106297
-2.0,1,4.108073
-2.0,1,4.109773
-2.0,1,4.111513
-2.0,1,4.11325
-2.0,1,4.115081
5.0,1,4.116822
-2.0,1,4.11845
-2.0,1,4.120113
-2.0,1,4.121873
-2.0,1,4.12358
-2.0,1,4.125358
-2.0,1,4.127048
-2.0,1,4.128762
-2.0,1,4.130451
-2.0,1,4.132169
-2.0,1,4.133876
-2.0,1,4.13558
-2.0,1,4.13725
-2.0,1,4.139013
-2.0,1,4.140687
-2.0,1,4.142364
-2.0,1,4.144066
-2.0,1,4.14583
-2.0,1,4.147534
-2.0,1,4.149216
-2.0,1,4.150902
-2.0,1,4.152586
-2.0,1,4.154244
-2.0,1,4.155993
-2.0,1,4.157807
-2.0,1,4.159511
-2.0,1,4.16117
-2.0,1,4.16295
-2.0,1,4.164624
-2.0,1,4.166369
-2.0,1,4.168214
-2.0,1,4.169883
-2.0,1,4.171586
-2.0,1,4.173311
-2.0,1,4.175004
-2.0,1,4.176687
-2.0,1,4.178354
-2.0,1,4.180042
-2.0,1,4.181728
-2.0,1,4.183354
-2.0,1,4.185023
-2.0,1,4.186732
-2.0,1,4.188935
-2.0,1,4.191249
-2.0,1,4.193079
-2.0,1,4.194805
-2.0,1,4.196655
-2.0,1,4.19842
-2.0,1,4.200182
-2.0,1,4.201913
-2.0,1,4.203715
-2.0,1,4.205433
-2.0,1,4.207179
-2.0,1,4.208882
-2.0,1,4.210974
-2.0,1,4.21274
-2.0,1,4.2145
-2.0,1,4.216346
-2.0,1,4.218061
-2.0,1,4.219821
-2.0,1,4.221676
-2.0,1,4.223426
-2.0,1,4.225148
-2.0,1,4.227012
-2.0,1,4.228876
-2.0,1,4.230636
-2.0,1,4.232394
-2.0,1,4.23425
-2.0,1,4.236007
-2.0,1,4.237718
-2.0,1,4.239434
-2.0,1,4.241279
-2.0,1,4.242952
-2.0,1,4.244694
-2.0,1,4.246566
-2.0,1,4.248404
-2.0,1,4.250268
-2.0,1,4.252083
-2.0,1,4.253904
-2.0,1,4.255641
-2.0,1,4.257439
-2.0,1,4.259259
-2.0,1,4.260961
-2.0,1,4.262696
-2.0,1,4.264499
-2.0,1,4.266244
-2.0,1,4.267929
-2.0,1,4.269592
-2.0,1,4.271268
-2.0,1,4.272914
-2.0,1,4.274712
-2.0,1,4.276461
-2.0,1,4.278157
-2.0,1,4.279875
-2.0,1,4.281538
-2.0,1,4.283322
-2.0,1,4.284966
-2.0,1,4.286679
-2.0,1,4.288342
-2.0,1,4.290084
-2.0,1,4.291774
-2.0,1,4.293443
-2.0,1,4.295323
-2.0,1,4.297023
-2.0,1,4.298784
-2.0,1,4.300498
-2.0,1,4.302166
-2.0,1,4.303896
-2.0,1,4.305659
-2.0,1,4.307333
-2.0,1,4.309013
-2.0,1,4.310685
-2.0,1,4.312448
-2.0,1,4.314165
-2.0,1,4.315883
-2.0,1,4.317572
-2.0,1,4.319268
-2.0,1,4.320938
-2.0,1,4.32263
-2.0,1,4.32436
-2.0,1,4.326036
-2.0,1,4.327763
-2.0,1,4.329425
-2.0,1,4.33114
-2.0,1,4.332814
-2.0,1,4.334477
-2.0,1,4.336173
-2.0,1,4.337907
-2.0,1,4.339574
-2.0,1,4.34123
-2.0,1,4.342915
-2.0,1,4.344616
-2.0,1,4.346279
-2.0,1,4.348008
-2.0,1,4.349706
-2.0,1,4.351407
-2.0,1,4.353053
-2.0,1,4.354744
-2.0,1,4.356452
-2.0,1,4.358139
-2.0,1,4.359924
-2.0,1,4.361587
-2.0,1,4.363329
-2.0,1,4.365011
-2.0,1,4.366691
-2.0,1,4.368365
-2.0,1,4.370131
-2.0,1,4.371906
-2.0,1,4.37365
-2.0,1,4.375344
-2.0,1,4.377007
-2.05,2,4.380457
-2.0,1,4.382308
-2.0,1,4.384028
-2.0,1,4.385832
-2.0,1,4.387568
-2.0,1,4.389502
-2.0,1,4.3912
-2.0,1,4.392858
-2.0,1,4.394513
-2.0,1,4.396195
-2.0,1,4.398744
-2.0,1,4.400473
-2.0,1,4.402142
-2.0,1,4.404126
-2.0,1,4.405788
-2.0,1,4.407526
-2.0,1,4.409212
-2.0,1,4.411044
-2.0,1,4.412871
-2.0,1,4.414633
-2.0,1,4.416812
-2.0,1,4.418712
-2.0,1,4.420691
-2.0,1,4.422534
-2.0,1,4.424466
-2.0,1,4.426283
-2.0,1,4.428205
-2.0,1,4.430072
-2.0,1,4.43217
-2.0,1,4.434026
-2.0,1,4.435864
-2.0,1,4.437828
-2.0,1,4.439709
-2.0,1,4.441545
-2.0,1,4.443506
-2.0,1,4.445329
-2.0,1,4.447234
-2.0,1,4.449108
-2.0,1,4.450907
5.0,1,4.452795
-2.0,1,4.454546
-2.0,1,5.77991
-2.0,1,5.782402
-2.0,1,5.785104
-2.0,1,5.787707
-2.0,1,5.790136
5.0,1,5.792485
-2.0,1,5.794496
-2.0,1,5.796577
-2.0,1,5.798931
-2.0,1,5.801443
-2.0,1,5.803581
-2.0,1,5.805624
-2.0,1,5.807686
-2.0,1,5.809777
-2.0,1,5.811841
-2.0,1,5.814169
-2.0,1,5.816196
-2.0,1,5.818228
-2.0,1,5.82024
-2.0,1,5.822252
-2.0,1,5.82427
-2.0,1,5.826267
-2.0,1,5.828312
-2.0,1,5.830676
-2.0,1,5.832958
-2.0,1,5.835007
5.0,1,5.837122
-2.0,1,5.839138
-2.0,1,5.841419
-2.0,1,5.843446
-2.0,1,5.845529
-2.0,1,5.847586
-2.0,1,5.849636
-2.0,1,5.851719
-2.0,1,5.853714
-2.0,1,5.855779
-2.0,1,5.85778
-2.0,1,5.859796
-2.0,1,5.861813
-2.0,1,5.863819
-2.0,1,5.865827
-2.0,1,5.867855
-2.0,1,5.869864
-2.0,1,5.871934
-2.0,1,5.874087
5.0,1,5.876154
-2.0,1,5.878041
-2.0,1,5.880064
-2.0,1,5.882073
-2.0,1,5.884057
-2.0,1,5.886003
-2.0,1,5.888003
-2.0,1,5.889972
-2.0,1,5.891927
-2.0,1,5.893863
-2.0,1,5.895801
-2.0,1,5.897758
-2.0,1,5.899705
5.0,1,5.901692
-2.0,1,5.903663
-2.0,1,5.905606
-2.0,1,5.907633
-2.0,1,5.909557
-2.0,1,5.911496
5.0,1,5.913487
-2.0,1,5.915501
-2.0,1,5.917543
-2.0,1,5.919513
-2.0,1,5.921399
-2.0,1,5.923298
-2.0,1,5.925225
-2.0,1,5.927173
-2.0,1,5.929058
-2.0,1,5.931001
-2.0,1,5.932866
-2.0,1,5.934745
-2.0,1,5.936642
-2.0,1,5.938546
-2.0,1,5.940442
-2.0,1,5.942403
-2.0,1,5.944312
-2.0,1,5.946218
-2.0,1,5.948121
-2.0,1,5.949992
-2.0,1,5.951885
-2.0,1,5.953806
-2.0,1,5.95575
-2.0,1,5.957657
-2.0,1,5.959658
-2.0,1,5.961592
-2.0,1,5.963506
-2.0,1,5.965383
-2.0,1,5.967301
-2.0,1,5.969213
-2.0,1,5.971101
-2.0,1,5.972967
-2.0,1,5.974863
-2.0,1,5.976728
-2.0,1,5.978672
-2.0,1,5.980557
-2.0,1,5.982433
-2.0,1,5.984324
-2.0,1,5.986283
-2.0,1,5.988185
-2.0,1,5.990074
-2.0,1,5.991957
5.0,1,5.993938
-2.0,1,5.995833
-2.0,1,5.997709
-2.0,1,5.99972
-2.0,1,6.001658
5.0,1,6.003625
-2.0,1,6.005451
-2.0,1,6.007368
-2.0,1,6.009395
-2.0,1,6.011307
-2.0,1,6.013189
-2.0,1,6.015091
-2.0,1,6.016982
-2.0,1,6.018964
-2.0,1,6.020874
-2.0,1,6.022759
5.0,1,6.024696
5.0,1,6.026568
-2.0,1,6.028421
-2.0,1,6.030288
-2.0,1,6.032189
-2.0,1,6.03407
-2.0,1,6.035963
-2.0,1,6.037838
-2.0,1,6.039788
-2.0,1,6.041657
-2.0,1,6.043585
-2.0,1,6.045485
-2.0,1,6.047386
-2.0,1,6.04926
-2.0,1,6.051156
-2.0,1,6.053021
-2.0,1,6.054915
-2.0,1,6.056782
-2.0,1,6.058703
-2.0,1,6.060595
-2.0,1,6.06253
-2.0,1,6.064415
-2.0,1,6.066284
-2.0,1,6.068197
-2.0,1,6.070076
-2.0,1,6.071971
-2.0,1,6.073838
-2.0,1,6.075732
-2.0,1,6.077602
-2.0,1,6.079535
-2.0,1,6.081398
-2.0,1,6.083303
-2.0,1,6.085196
-2.0,1,6.087096
-2.0,1,6.088933
-2.0,1,6.090814
-2.0,1,6.092701
-2.0,1,6.094583
-2.0,1,6.096548
-2.0,1,6.098479
-2.0,1,6.100421
-2.0,1,6.102291
-2.0,1,6.104243
-2.0,1,6.106107
5.0,1,6.108049
-2.0,1,6.109866
-2.0,1,6.111755
-2.0,1,6.113623
-2.0,1,6.115519
-2.0,1,6.117391
-2.0,1,6.119488
-2.0,1,6.12136
5.0,1,6.123303
-2.0,1,6.125133
-2.0,1,6.127078
-2.0,1,6.128949
-2.0,1,6.130858
-2.0,1,6.132737
-2.0,1,6.134644
-2.0,1,6.136612
-2.0,1,6.138573
-2.0,1,6.140537
-2.0,1,6.142409
-2.0,1,6.14432
-2.0,1,6.14619
-2.0,1,6.148095
-2.0,1,6.149955
-2.0,1,6.151839
-2.0,1,6.153703
-2.0,1,6.155604
5.0,1,6.157539
-2.0,1,6.159397
-2.0,1,6.161401
-2.0,1,6.163355
-2.0,1,6.165276
-2.0,1,6.167221
-2.0,1,6.169129
-2.0,1,6.17106
-2.0,1,6.173133
5.0,1,6.175103
-2.0,1,6.176933
-2.0,1,6.178961
5.0,1,6.180929
-2.0,1,6.182803
-2.0,1,6.184752
-2.0,1,6.18695
-2.0,1,6.189612
-2.0,1,6.192059
-2.0,1,6.19539
-2.0,1,6.198156
-2.0,1,6.201189
-2.0,1,6.204522
-2.0,1,6.207742
-2.0,1,6.211034
-2.0,1,6.213448
-2.0,1,6.217451
-2.0,1,6.221404
-2.0,1,6.22399
-2.0,1,6.226318
-2.0,1,6.228925
-2.0,1,6.231491
-2.0,1,6.233828
-2.0,1,6.235934
-2.0,1,6.238168
5.0,1,6.240543
-2.0,1,6.243132
-2.0,1,6.246294
-2.0,1,6.250073
-2.0,1,6.254421
-2.0,1,6.257051
-2.0,1,6.259765
-2.0,1,6.263287
-2.0,1,6.267913
-2.0,1,6.271858
-2.0,1,6.27464
-2.0,1,6.277151
-2.0,1,6.27923
-2.0,1,6.281274
-2.0,1,6.28329
-2.0,1,6.285364
-2.0,1,6.287381
-2.0,1,6.2894
-2.0,1,6.291376
-2.0,1,6.293603
-2.0,1,6.296185
-2.0,1,6.301466
-2.0,1,6.306049
-2.0,1,6.308924
-2.0,1,6.312105
5.0,1,6.315776
-2.0,1,6.318567
-2.0,1,6.322192
-2.0,1,6.32432
-2.0,1,6.3262
-2.0,1,6.328109
-2.0,1,6.329984
-2.0,1,6.331895
-2.0,1,6.333829
-2.0,1,6.335736
-2.0,1,6.33766
-2.0,1,6.339597
-2.0,1,6.34154
-2.0,1,6.344477
-2.05,2,6.352079
-2.0,1,6.354548
-2.0,1,6.356705
-2.0,1,6.358799
-2.0,1,6.362041
-2.0,1,6.365935
-2.0,1,6.369119
-2.0,1,6.371348
-2.0,1,6.373544
5.0,1,6.375561
-2.0,1,6.378311
-2.0,1,6.382396
-2.0,1,6.386285
-2.0,1,6.388555
-2.0,1,6.39096
5.0,1,6.393451
-2.0,1,6.397808
-2.0,1,6.401621
-2.0,1,6.404166
5.0,1,6.406572
5.0,1,6.408732
-2.0,1,6.412263
-2.0,1,6.416444
-2.0,1,6.420458
-2.0,1,6.422798
-2.0,1,6.425099
-2.0,1,6.427657
-2.0,1,6.431566
-2.0,1,6.434898
-2.0,1,6.437292
-2.0,1,6.439427
-2.0,1,6.441451
-2.0,1,6.444351
-2.0,1,6.447414
-2.0,1,6.449772
-2.0,1,6.451941
-2.0,1,6.454033
-2.0,1,6.456033
-2.0,1,6.458114
-2.0,1,6.460651
-2.0,1,6.463465
-2.0,1,6.46573
-2.0,1,6.46801
-2.0,1,6.470058
-2.0,1,6.472258
-2.0,1,6.474387
-2.0,1,6.476859
-2.0,1,6.479787
-2.0,1,6.48212
-2.0,1,6.484255
-2.0,1,6.48624
-2.0,1,6.488184
-2.0,1,6.490245
-2.0,1,6.492201
-2.0,1,6.494781
-2.0,1,6.497304
-2.0,1,6.49959
-2.0,1,6.501688
-2.0,1,6.503785
-2.0,1,6.505719
-2.0,1,6.507623
-2.0,1,6.509657
-2.0,1,6.512243
-2.0,1,6.514454
-2.0,1,6.516427
-2.0,1,6.518785
-2.0,1,6.52112
-2.0,1,6.523101
-2.0,1,6.525323
-2.0,1,6.527501
-2.0,1,6.529594
-2.0,1,6.531674
-2.0,1,6.533884
-2.0,1,6.535983
-2.0,1,6.538206
-2.0,1,6.540311
-2.0,1,6.542394
-2.0,1,6.544621
-2.0,1,6.546627
-2.0,1,6.54865
-2.0,1,6.550635
-2.0,1,6.552676
-2.0,1,6.554666
-2.0,1,6.556805
-2.0,1,6.558916
-2.0,1,6.560941
-2.0,1,6.562992
-2.0,1,6.565132
-2.0,1,6.567174
-2.0,1,6.569229
-2.0,1,6.5713
-2.0,1,6.57334
5.0,1,6.575899
-2.0,1,6.578139
-2.0,1,6.580198
-2.0,1,6.582291
-2.0,1,6.584377
-2.0,1,6.58638
-2.0,1,6.588394
-2.0,1,6.590434
-2.0,1,6.592849
-2.0,1,6.59518
-2.0,1,6.598065
-2.0,1,6.601069
-2.0,1,6.604191
-2.0,1,6.606802
-2.0,1,6.609041
-2.0,1,6.611419
-2.0,1,6.614238
-2.0,1,6.616648
5.0,1,6.619267
-2.0,1,6.621348
-2.0,1,6.623478
-2.05,2,6.627772
-2.0,1,6.630208
5.0,1,6.63259
-2.0,1,6.634714
-2.0,1,6.636912
-2.0,1,6.639062
-2.0,1,6.641258
-2.0,1,6.643873
-2.0,1,6.646379
-2.0,1,6.648583
-2.0,1,6.650789
-2.0,1,6.652994
-2.0,1,6.655228
-2.0,1,6.657428
-2.0,1,6.659665
-2.0,1,6.661901
-2.0,1,6.664141
-2.0,1,6.666306
-2.0,1,6.668421
-2.0,1,6.670481
-2.0,1,6.672612
-2.0,1,6.674741
-2.0,1,6.676846
-2.0,1,6.678929
-2.0,1,6.681
-2.0,1,6.683083
-2.0,1,6.685133
-2.0,1,6.687326
-2.0,1,6.689387
-2.0,1,6.691436
-2.0,1,6.693552
-2.0,1,6.695645
-2.0,1,6.697731
-2.0,1,6.699803
-2.0,1,6.701847
-2.0,1,6.703907
-2.0,1,6.705956
-2.0,1,6.70802
-2.0,1,6.710092
-2.05,2,6.714125
-2.0,1,6.716208
-2.0,1,6.718269
-2.0,1,6.720316
-2.0,1,6.722341
-2.0,1,6.724414
-2.0,1,6.726519
-2.0,1,6.728902
-2.0,1,6.730997
-2.0,1,6.73308
-2.0,1,6.735171
-2.0,1,6.737267
-2.0,1,6.739378
-2.0,1,6.741455
-2.0,1,6.743567
-2.0,1,6.745731
-2.0,1,6.747781
-2.0,1,6.749802
-2.0,1,6.751842
-2.0,1,6.753837
-2.0,1,6.755776
-2.0,1,6.757748
-2.0,1,6.759689
-2.0,1,6.761615
-2.0,1,6.763671
-2.0,1,6.765583
-2.0,1,6.767523
-2.0,1,6.76945
-2.0,1,6.771534
-2.0,1,6.773451
-2.0,1,6.775348
-2.0,1,6.777267
-2.0,1,6.779332
-2.0,1,6.781426
-2.0,1,6.783357
-2.0,1,6.785247
-2.0,1,6.787213
-2.0,1,6.789172
-2.0,1,6.791195
-2.0,1,6.793212
-2.0,1,6.795283
-2.0,1,6.797588
-2.0,1,6.799801
-2.0,1,6.802317
-2.0,1,6.804877
-2.0,1,6.807593
-2.0,1,6.810943
-2.0,1,6.815726
-2.0,1,6.819968
-2.0,1,6.822259
-2.0,1,6.824317
-2.0,1,6.826267
-2.0,1,6.828318
-2.0,1,6.830348
-2.0,1,6.832389
-2.0,1,6.834424
-2.0,1,6.8364
-2.0,1,6.83843
-2.0,1,6.840482
-2.0,1,6.842514
-2.0,1,6.845045
-2.0,1,6.848339
-2.0,1,6.851883
-2.0,1,6.854306
-2.0,1,6.856832
-2.0,1,6.859074
-2.0,1,6.8614
-2.0,1,6.864451
-2.0,1,6.867636
-2.0,1,6.870651
-2.0,1,6.872939
-2.0,1,6.875094
-2.0,1,6.878302
-2.0,1,6.881316
-2.0,1,6.884601
-2.0,1,6.887371
-2.0,1,6.889966
-2.0,1,6.891977
-2.0,1,6.893893
-2.0,1,6.897177
-2.0,1,6.900827
-2.0,1,6.903888
-2.0,1,6.906553
-2.0,1,6.90915
5.0,1,6.912089
-2.0,1,6.91486
-2.0,1,6.917431
-2.0,1,6.919984
-2.0,1,6.922008
-2.0,1,6.923995
-2.0,1,6.927222
-2.0,1,6.930704
-2.0,1,8.343735
5.0,1,8.345953
-2.0,1,8.347896
-2.0,1,8.349908
5.0,1,8.351957
-2.0,1,8.353782
5.0,1,8.3558
-2.0,1,8.357641
-2.0,1,8.359546
-2.0,1,8.361632
-2.0,1,8.363632
-2.0,1,8.365537
-2.0,1,8.367516
-2.0,1,8.369637
-2.0,1,8.371622
-2.0,1,8.373506
-2.0,1,8.375476
-2.0,1,8.377549
-2.0,1,8.379477
5.0,1,8.381442
-2.0,1,8.383361
-2.0,1,8.385284
-2.0,1,8.387247
-2.0,1,8.389158
-2.0,1,8.391192
-2.0,1,8.393464
-2.05,2,8.397372
-2.0,1,8.399757
-2.0,1,8.402112
-2.0,1,8.404071
-2.0,1,8.406024
-2.0,1,8.408029
-2.0,1,8.410171
-2.0,1,8.412104
-2.0,1,8.414119
-2.0,1,8.416172
-2.0,1,8.418301
-2.0,1,8.420319
5.0,1,8.42235
-2.0,1,8.424627
5.0,1,8.426854
-2.0,1,8.42875
-2.0,1,8.430717
-2.0,1,8.432728
-2.0,1,8.435349
-2.0,1,8.437595
-2.0,1,8.439755
-2.0,1,8.4419
5.0,1,8.444077
-2.0,1,8.4461
-2.0,1,8.448243
5.0,1,8.45034
-2.0,1,8.452346
-2.0,1,8.454446
4.75,2,8.458702
-2.0,1,8.460784
-2.0,1,8.462801
-2.0,1,8.464819
-2.0,1,8.467094
-2.0,1,8.469139
-2.0,1,8.471058
-2.0,1,8.473128
-2.0,1,8.475095
-2.0,1,8.477258
-2.0,1,8.479292
-2.0,1,8.481304
-2.0,1,8.483955
-2.0,1,8.485945
5.0,1,8.487959
-2.0,1,8.490059
-2.0,1,8.49198
-2.0,1,8.493901
-2.0,1,8.495863
5.0,1,8.497834
-2.0,1,8.499938
-2.0,1,8.501984
-2.0,1,8.503982
-2.0,1,8.505951
-2.0,1,8.507946
-2.0,1,8.509915
-2.0,1,8.511819
-2.0,1,8.513633
5.0,1,8.515881
-2.0,1,8.517826
-2.0,1,8.520045
-2.0,1,8.52214
5.0,1,8.524275
-2.0,1,8.526258
-2.0,1,8.528227
-2.0,1,8.530194
-2.0,1,8.532611
5.0,1,8.534706
5.0,1,8.536666
-2.0,1,8.538643
-2.0,1,8.540778
-2.0,1,8.54266
5.0,1,8.544786
-2.0,1,8.546713
5.0,1,8.548665
-2.0,1,8.550597
5.0,1,8.552469
-2.0,1,8.554344
-2.0,1,8.556777
-2.0,1,8.558598
-2.0,1,8.560454
-2.0,1,8.562716
-2.0,1,8.564744
-2.0,1,8.566755
-2.0,1,8.568619
-2.0,1,8.570475
-2.0,1,8.572489
-2.0,1,8.574429
-2.0,1,8.576319
-2.0,1,8.578158
-2.0,1,8.580347
-2.0,1,8.582269
-2.0,1,8.584257
-2.05,2,8.588376
-2.0,1,8.59029
-2.0,1,8.592309
-2.0,1,8.59428
-2.0,1,8.596267
-2.0,1,8.598191
-2.0,1,8.600409
-2.0,1,8.602361
-2.0,1,8.604401
-2.0,1,8.606667
5.0,1,8.608855
5.0,1,8.610839
-2.0,1,8.61286
5.0,1,8.614911
-2.05,2,8.619067
-2.0,1,8.621007
5.0,1,8.623071
5.0,1,8.625027
5.0,1,8.626994
-2.0,1,8.628872
-2.0,1,8.630929
-2.0,1,8.633036
-2.0,1,8.634881
-2.0,1,8.636716
-2.0,1,8.639184
5.0,1,8.641119
-2.0,1,8.642951
-2.0,1,8.644717
-2.0,1,8.646533
5.0,1,8.648688
-2.05,2,8.652629
-2.0,1,8.654526
-2.0,1,8.657002
-2.0,1,8.658817
-2.0,1,8.660662
-2.0,1,8.662436
-2.0,1,8.664389
-2.0,1,8.666495
5.0,1,8.668633
-2.0,1,8.67074
-2.0,1,8.673205
5.0,1,8.675457
-2.0,1,8.677249
-2.0,1,8.67913
-2.0,1,8.681354
-2.0,1,8.683392
-2.0,1,8.685194
-2.0,1,8.687036
-2.0,1,8.689082
5.0,1,8.691293
-2.0,1,8.693122
-2.0,1,8.694908
5.0,1,8.696801
-2.0,1,8.69865
5.0,1,8.700572
-2.0,1,8.702326
-2.0,1,8.704413
-2.0,1,8.706527
-2.0,1,8.7087
5.0,1,8.710671
-2.0,1,8.712555
-2.0,1,8.714496
5.0,1,8.716758
-2.0,1,8.718753
-2.0,1,8.720725
-2.0,1,8.722958
-2.0,1,8.724939
-2.0,1,8.726874
-2.0,1,8.728853
-2.0,1,8.730758
5.0,1,8.732903
-2.0,1,8.734955
5.0,1,8.73689
-2.0,1,8.738994
-2.0,1,8.74094
-2.0,1,8.742938
5.0,1,8.744811
-2.0,1,8.746634
-2.0,1,8.748795
-2.0,1,8.750722
-2.0,1,8.752688
-2.0,1,8.754526
-2.0,1,8.75664
-2.0,1,8.758574
-2.0,1,8.760455
5.0,1,8.762337
-2.0,1,8.764291
-2.0,1,8.76655
-2.0,1,8.768382
-2.0,1,8.770516
5.0,1,8.772571
-2.0,1,8.77461
-2.0,1,8.776697
-2.0,1,8.778634
-2.0,1,8.780561
5.0,1,8.782577
-2.0,1,8.785159
5.0,1,8.787139
-2.0,1,8.789069
-2.0,1,8.791136
-2.0,1,8.793162
-2.0,1,8.795152
5.0,1,8.797225
-2.0,1,8.799093
5.0,1,8.80199
-2.0,1,8.804115
5.0,1,8.806032
5.0,1,8.808013
-2.05,2,8.811688
-2.0,1,8.813472
-2.0,1,8.815484
5.0,1,8.817842
-2.0,1,8.819941
-2.0,1,8.821884
5.0,1,8.824065
-2.0,1,8.826024
-2.0,1,8.828022
-2.0,1,8.829976
-2.0,1,8.831927
-2.0,1,8.833949
-2.0,1,8.83593
-2.0,1,8.837835
-2.05,2,8.84184
-2.0,1,8.843868
-2.0,1,8.845836
-2.0,1,8.847872
5.0,1,8.849882
-2.0,1,8.851836
-2.0,1,8.853767
-2.0,1,8.85571
5.0,1,8.857717
-2.0,1,8.859676
5.0,1,8.861698
-2.0,1,8.86367
-2.0,1,8.865595
-2.0,1,8.867451
-2.0,1,8.869251
-2.0,1,8.871083
-2.0,1,8.872911
-2.0,1,8.874843
-2.0,1,8.876695
-2.0,1,8.878498
-2.0,1,8.880356
-2.0,1,8.882193
-2.0,1,8.884063
-2.05,2,8.887729
-2.0,1,8.889575
-2.0,1,8.891416
-2.05,2,8.895102
-2.0,1,8.896959
-2.0,1,8.898823
-2.0,1,8.900682
-2.0,1,8.902485
-2.0,1,8.904339
5.0,1,8.906245
-2.0,1,8.908045
-2.0,1,8.909894
-2.0,1,8.911802
-2.0,1,8.913672
-2.05,2,8.917446
-2.0,1,8.919366
-2.0,1,8.921234
-2.0,1,8.923114
-2.0,1,8.92498
-2.0,1,8.926872
-2.0,1,8.92877
5.0,1,8.9307
-2.0,1,8.932533
-2.0,1,8.934426
-2.0,1,8.936303
-2.0,1,8.93813
-2.0,1,8.939989
5.0,1,8.941936
4.75,2,8.945727
5.0,1,8.947657
5.0,1,8.949636
5.0,1,8.951572
-2.0,1,8.953437
-2.0,1,8.95534
-2.0,1,8.957215
-2.0,1,8.959124
-2.0,1,8.961019
-2.0,1,8.962918
-2.0,1,8.964783
-2.0,1,8.966642
-2.0,1,8.968532
-2.0,1,8.97037
-2.0,1,8.972291
-2.0,1,8.974171
-2.0,1,8.976111
-2.0,1,8.97806
-2.0,1,8.979946
-2.0,1,8.981836
-2.0,1,8.983768
5.0,1,8.985691
-2.0,1,8.987705
5.0,1,8.989765
5.0,1,8.991602
5.0,1,8.993574
-2.0,1,8.995475
-2.0,1,8.997444
-2.0,1,8.999412
-2.0,1,9.001308
-2.0,1,9.003276
5.0,1,9.005271
-2.0,1,9.007252
5.0,1,9.009202
-2.0,1,9.011073
-2.0,1,9.013012
-2.0,1,9.01501
-2.0,1,9.016946
5.0,1,9.018995
-2.0,1,9.020876
-2.0,1,9.022834
-2.0,1,9.024767
-2.0,1,9.026694
-2.0,1,9.028615
-2.0,1,9.030546
-2.0,1,9.032719
-2.0,1,9.034616
-2.0,1,9.036582
-2.0,1,9.038502
5.0,1,9.040478
-2.0,1,9.042331
5.0,1,9.044333
5.0,1,9.046276
-2.0,1,9.048191
-2.0,1,9.050139
-2.0,1,9.052104
-2.0,1,9.054144
-2.0,1,9.056798
-2.0,1,9.06022
-2.0,1,9.064469
-2.0,1,9.071215
-2.0,1,9.075893
-2.0,1,9.080547
5.0,1,9.083584
-2.0,1,9.087219
-2.0,1,9.090195
5.0,1,9.093019
-2.0,1,9.095636
-2.0,1,9.097912
-2.0,1,9.100046
-2.0,1,9.102083
-2.0,1,9.104211
5.0,1,9.106336
-2.0,1,9.108479
-2.0,1,9.110546
-2.0,1,9.114905
-2.0,1,9.120239
5.0,1,9.124691
-2.0,1,9.127171
5.0,1,9.130497
-2.0,1,9.134624
-2.0,1,9.137723
-2.0,1,9.141241
-2.0,1,9.14378
-2.0,1,9.147563
5.0,1,9.15239
5.0,1,9.155843
-2.0,1,9.158946
-2.0,1,9.161798
-2.0,1,9.166392
-2.0,1,9.170352
-2.0,1,9.172861
-2.0,1,9.175322
-2.0,1,9.177553
-2.0,1,9.181189
-2.0,1,9.185606
-2.0,1,9.188275
-2.0,1,9.190897
-2.0,1,9.193357
-2.0,1,9.197284
-2.0,1,9.20229
-2.0,1,9.204903
-2.0,1,9.207976
-2.0,1,9.210708
-2.0,1,9.214052
-2.0,1,9.218647
-2.0,1,9.221116
-2.0,1,9.223405
-2.0,1,9.225786
5.0,1,9.22872
-2.0,1,9.232305
-2.0,1,9.236667
-2.0,1,9.239453
-2.0,1,9.241885
-2.0,1,9.245054
4.75,2,9.253473
-2.0,1,9.256169
-2.0,1,9.258619
-2.0,1,9.261146
5.0,1,9.265168
-2.0,1,9.269137
-2.0,1,9.27202
-2.0,1,9.275181
-2.0,1,9.278463
-2.0,1,9.282081
-2.0,1,9.286475
-2.0,1,9.289238
5.0,1,9.291671
-2.0,1,9.294033
-2.0,1,9.298583
5.0,1,9.302567
-2.0,1,9.305111
-2.0,1,9.30755
-2.0,1,9.30981
-2.0,1,9.313512
5.0,1,9.316854
-2.0,1,9.319402
-2.0,1,9.321728
-2.0,1,9.324013
5.0,1,9.326237
-2.0,1,9.32925
-2.0,1,9.33207
-2.0,1,9.334446
-2.0,1,9.336702
-2.0,1,9.338806
5.0,1,9.340914
-2.0,1,9.342969
-2.0,1,9.34572
5.0,1,9.348417
-2.0,1,9.350688
5.0,1,9.353149
-2.0,1,9.355614
-2.0,1,9.357789
5.0,1,9.360193
-2.0,1,9.363191
-2.0,1,9.365701
5.0,1,9.368182
-2.0,1,9.370189
-2.0,1,9.372413
-2.05,2,9.37702
5.0,1,9.380032
5.0,1,9.382566
-2.0,1,9.384909
-2.0,1,9.387256
-2.0,1,9.389495
-2.0,1,9.391735
-2.0,1,9.394249
-2.0,1,9.396636
5.0,1,9.398987
-2.0,1,9.401116
-2.0,1,9.403282
-2.0,1,9.405467
-2.0,1,9.407596
-2.0,1,9.409622
-2.0,1,9.411817
-2.0,1,9.413949
-2.0,1,9.416301
-2.0,1,9.418332
-2.05,2,9.422266
5.0,1,9.424351
5.0,1,9.426854
-2.0,1,9.429068
-2.0,1,9.431024
-2.0,1,9.433037
-2.0,1,9.435062
-2.0,1,9.43703
-2.0,1,9.439042
-2.0,1,9.440984
-2.0,1,9.443297
5.0,1,9.445521
-2.0,1,9.447433
-2.0,1,9.449484
-2.0,1,9.451464
-2.0,1,9.453438
-2.0,1,9.455428
-2.0,1,9.457534
-2.0,1,9.459496
-2.0,1,9.461535
5.0,1,9.463578
-2.0,1,9.4655
-2.0,1,9.467448
-2.0,1,9.469358
-2.0,1,9.471325
-2.0,1,9.47329
-2.0,1,9.475251
5.0,1,9.477236
-2.0,1,9.479148
-2.0,1,9.481091
5.0,1,10.740062
-2.0,1,10.742311
-2.0,1,10.744184
5.0,1,10.746079
-2.0,1,10.747897
-2.0,1,10.749765
-2.0,1,10.751659
5.0,1,10.753574
-2.0,1,10.755506
-2.0,1,10.757362
5.0,1,10.759269
-2.0,1,10.761041
-2.0,1,10.762882
-2.0,1,10.764702
-2.0,1,10.766535
-2.0,1,10.76842
-2.0,1,10.770241
-2.0,1,10.77209
-2.0,1,10.773946
-2.0,1,10.775804
4.75,2,10.779546
-2.0,1,10.781447
-2.0,1,10.783318
-2.0,1,10.785185
5.0,1,10.787099
-2.0,1,10.788877
-2.05,2,10.792538
-2.0,1,10.794429
-2.0,1,10.796266
-2.0,1,10.798075
-2.0,1,10.799953
5.0,1,10.801836
5.0,1,10.803681
-2.0,1,10.805453
5.0,1,10.807324
-2.0,1,10.809121
-2.0,1,10.810986
-2.0,1,10.812813
-2.0,1,10.814609
-2.0,1,10.816437
-2.0,1,10.818283
-2.0,1,10.82012
-2.0,1,10.821975
-2.0,1,10.823809
5.0,1,10.82572
-2.0,1,10.827572
5.0,1,10.829483
-2.0,1,10.831356
-2.0,1,10.833172
-2.05,2,10.836815
-2.05,2,10.840469
4.75,2,10.844233
-2.0,1,10.846045
4.75,2,10.849816
5.0,1,10.851692
-2.0,1,10.853494
-2.0,1,10.855379
-2.0,1,10.857228
-2.0,1,10.859085
5.0,1,10.860986
-2.0,1,10.862797
5.0,1,10.864686
5.0,1,10.866556
-2.0,1,10.868394
-2.0,1,10.870239
-2.0,1,10.872091
-2.0,1,10.87394
-2.0,1,10.875797
5.0,1,10.877668
-2.0,1,10.879468
5.0,1,10.881359
5.0,1,10.883257
5.0,1,10.885103
5.0,1,10.886958
5.0,1,10.888805
-2.0,1,10.890612
-2.0,1,10.892482
5.0,1,10.894369
-2.0,1,10.89622
5.0,1,10.898052
5.0,1,10.899867
-2.0,1,10.901723
5.0,1,10.903651
5.0,1,10.905464
5.0,1,10.907335
-2.0,1,10.909199
-2.0,1,10.91108
5.0,1,10.912918
-2.0,1,10.914743
-2.0,1,10.916617
5.0,1,10.918564
-2.0,1,10.920423
5.0,1,10.922304
-2.0,1,10.924103
-2.0,1,10.92595
-2.0,1,10.927804
-2.0,1,10.929725
-2.0,1,10.931658
-2.0,1,10.933613
-2.0,1,10.935564
5.0,1,10.937497
-2.05,2,10.941329
-2.0,1,10.94332
-2.0,1,10.945263
5.0,1,10.947265
4.75,2,10.951109
-2.0,1,10.953013
5.0,1,10.955036
-2.05,2,10.958947
-2.0,1,10.960932
5.0,1,10.962852
4.75,2,10.966561
5.0,1,10.968439
-2.0,1,10.970249
-2.0,1,10.972113
-2.0,1,10.974011
-2.0,1,10.975922
-2.0,1,10.977812
-2.0,1,10.979719
5.0,1,10.981626
-2.0,1,10.983435
-2.0,1,10.98532
-2.0,1,10.987201
5.0,1,10.989119
5.0,1,10.990963
-2.0,1,10.992779
-2.0,1,10.99478
5.0,1,10.996648
-2.0,1,10.998387
-2.0,1,11.000176
-2.0,1,11.001972
5.0,1,11.003881
-2.0,1,11.005688
5.0,1,11.00753
-2.0,1,11.009293
5.0,1,11.011102
5.0,1,11.012905
4.75,2,11.016507
-2.0,1,11.018262
-2.0,1,11.020073
5.0,1,11.022048
-2.0,1,11.023773
5.0,1,11.025591
-2.0,1,11.02727
-2.0,1,11.02902
-2.0,1,11.030776
-2.0,1,11.032598
4.75,2,11.036025
-2.0,1,11.038015
-2.0,1,11.039913
5.0,1,11.041807
-2.0,1,11.043615
-2.0,1,11.045457
5.0,1,11.047337
-2.0,1,11.049171
5.0,1,11.051039
5.0,1,11.052944
-2.0,1,11.054777
4.75,2,11.058526
-2.0,1,11.060336
-2.0,1,11.062175
5.0,1,11.064105
-2.0,1,11.065963
-2.0,1,11.067845
-2.0,1,11.069686
-2.0,1,11.071552
-2.0,1,11.07344
-2.0,1,11.075236
-2.0,1,11.077128
-2.0,1,11.079016
-2.0,1,11.080821
5.0,1,11.082664
-2.0,1,11.08455
5.0,1,11.086399
-2.0,1,11.088161
-2.0,1,11.089939
-2.0,1,11.091764
-2.0,1,11.093579
-2.0,1,11.095404
-2.0,1,11.097168
-2.0,1,11.098955
-2.0,1,11.100751
5.0,1,11.102587
5.0,1,11.104422
-2.0,1,11.106233
-2.0,1,11.108113
-2.0,1,11.109904
-2.0,1,11.111752
-2.0,1,11.113782
-2.0,1,11.11557
-2.05,2,11.119442
-2.05,2,11.12331
-2.0,1,11.125198
-2.0,1,11.127097
-2.0,1,11.128981
-2.05,2,11.132868
-2.0,1,11.13479
4.75,2,11.138697
5.0,1,11.140629
5.0,1,11.142518
-2.0,1,11.144317
-2.0,1,11.146208
-2.0,1,11.148094
-2.0,1,11.14998
-2.0,1,11.151881
-2.0,1,11.153769
-2.0,1,11.155647
5.0,1,11.157576
5.0,1,11.159468
5.0,1,11.161372
5.0,1,11.163297
-2.0,1,11.165154
-2.0,1,11.167081
5.0,1,11.169006
-2.0,1,11.170863
4.75,2,11.17469
-2.0,1,11.176523
-2.0,1,11.178374
5.0,1,11.180403
-2.0,1,11.18234
-2.0,1,11.184427
-2.0,1,11.186606
-2.0,1,11.188778
5.0,1,11.190932
-2.0,1,11.192982
-2.0,1,11.19519
-2.0,1,11.197528
-2.0,1,11.199855
5.0,1,11.202026
5.0,1,11.204326
-2.0,1,11.206493
-2.0,1,11.208987
-2.0,1,11.211332
-2.0,1,11.213778
-2.0,1,11.216135
5.0,1,11.218828
5.0,1,11.221518
-2.0,1,11.223802
5.0,1,11.226148
-2.0,1,11.228442
-2.05,2,11.233094
-2.0,1,11.235599
-2.0,1,11.237987
-2.0,1,11.240435
5.0,1,11.24294
-2.05,2,11.247691
-2.0,1,11.250126
-2.0,1,11.252701
4.75,2,11.25744
-2.0,1,11.259884
-2.0,1,11.26227
5.0,1,11.264724
-2.0,1,11.267093
5.0,1,11.269518
-2.0,1,11.271783
5.0,1,11.274195
-2.0,1,11.276491
-2.0,1,11.278896
-2.0,1,11.28135
-2.0,1,11.283653
-2.0,1,11.285861
-2.0,1,11.288289
-2.0,1,11.290613
4.75,2,11.295487
5.0,1,11.298016
5.0,1,11.300497
-2.0,1,11.302819
-2.0,1,11.305098
-2.05,2,11.309626
-2.0,1,11.311975
5.0,1,11.314354
-2.0,1,11.31661
-2.0,1,11.318903
-2.0,1,11.321172
-2.05,2,11.325871
5.0,1,11.328324
-2.0,1,11.330572
5.0,1,11.333012
5.0,1,11.335351
-2.0,1,11.33766
-2.0,1,11.340005
-2.0,1,11.342362
5.0,1,11.344674
-2.0,1,11.347155
-2.0,1,11.349591
-2.0,1,11.351861
5.0,1,11.354384
-2.05,2,11.359011
-2.0,1,11.361314
-2.0,1,11.36349
-2.0,1,11.365629
-2.0,1,11.367935
-2.0,1,11.370147
-2.0,1,11.372396
5.0,1,11.374745
5.0,1,11.377107
5.0,1,11.379385
5.0,1,11.381543
-2.0,1,11.38378
5.0,1,11.385994
-2.0,1,11.388131
5.0,1,11.390344
-2.0,1,11.392514
-2.0,1,11.394756
5.0,1,11.397075
-2.0,1,11.399259
-2.0,1,11.401474
-2.0,1,11.403719
4.75,2,11.408344
-2.0,1,11.410488
-2.05,2,11.415042
5.0,1,11.417318
-2.0,1,11.419595
5.0,1,11.421909
-2.05,2,11.42651
-2.05,2,11.43097
5.0,1,11.433282
5.0,1,11.435594
-2.0,1,11.437769
-2.0,1,11.440049
4.75,2,11.44455
-2.0,1,11.446691
-2.0,1,11.448932
-2.0,1,11.45116
-2.0,1,11.453309
-2.0,1,11.455724
-2.0,1,11.458019
5.0,1,11.460454
5.0,1,11.462821
-2.0,1,11.465217
-2.0,1,11.467588
-2.0,1,11.46988
-2.0,1,11.472202
5.0,1,11.474567
-2.0,1,11.476829
-2.0,1,11.479186
5.0,1,11.481512
-2.0,1,11.48378
-2.0,1,11.486138
5.0,1,11.488481
5.0,1,11.490818
-2.0,1,11.493101
-2.0,1,11.495402
-2.0,1,11.497562
-2.05,2,11.501915
5.0,1,11.504131
-2.0,1,11.506271
-2.0,1,11.508492
-2.0,1,11.510592
-2.0,1,11.512888
-2.0,1,11.515158
-2.0,1,11.517424
5.0,1,11.51978
5.0,1,11.522029
-2.0,1,11.52415
-2.0,1,11.526392
5.0,1,11.528589
-2.0,1,11.530707
-2.0,1,11.532847
5.0,1,11.535044
-2.05,2,11.539159
-2.0,1,11.541289
-2.0,1,11.543458
-2.0,1,11.545577
5.0,1,11.547843
-2.0,1,11.550065
-2.0,1,11.55213
5.0,1,11.554175
5.0,1,11.556215
-2.0,1,11.558249
5.0,1,11.560341
-2.0,1,11.562302
-2.0,1,11.564333
-2.0,1,11.566352
-2.0,1,11.568407
-2.0,1,11.570468
-2.0,1,11.572468
-2.0,1,11.574537
-2.0,1,11.576583
5.0,1,11.578651
-2.0,1,11.580645
-2.0,1,11.582659
-2.0,1,11.584748
5.0,1,11.586829
-2.0,1,11.58883
-2.0,1,11.590917
-2.0,1,11.593111
-2.0,1,11.595203
-2.0,1,11.597288
-2.0,1,11.599344
5.0,1,11.601415
-2.0,1,11.603475
5.0,1,11.605548
-2.0,1,11.607581
5.0,1,11.609641
-2.0,1,11.611638
5.0,1,11.613707
5.0,1,11.615769
5.0,1,11.617851
5.0,1,11.619901
-2.0,1,11.621888
4.75,2,11.626009
-2.05,2,11.630049
-2.0,1,11.632089
-2.0,1,11.634244
5.0,1,11.636333
-2.0,1,11.638305
-2.0,1,11.640335
-2.0,1,11.642352
5.0,1,11.644454
4.75,2,11.64851
-2.0,1,11.650485
-2.0,1,11.652521
5.0,1,11.654585
-2.05,2,11.658664
5.0,1,11.660902
5.0,1,11.663037
-2.0,1,11.665349
-2.0,1,11.667407
-2.0,1,11.66957
5.0,1,11.671732
-2.0,1,11.673761
-2.0,1,11.676112
-2.0,1,11.678283
-2.0,1,11.680373
-2.0,1,11.682488
-2.0,1,11.684694
-2.05,2,11.688849
-2.05,2,11.69325
5.0,1,11.695457
-2.0,1,11.697537
-2.0,1,11.699672
-2.0,1,11.701799
-2.0,1,11.703923
-2.0,1,11.706054
-2.0,1,11.70827
-2.0,1,11.710389
5.0,1,11.71258
4.75,2,11.716887
5.0,1,11.719086
-2.0,1,11.721376
-2.0,1,11.72346
-2.0,1,11.725508
5.0,1,11.727679
5.0,1,11.729701
5.0,1,11.73178
-2.0,1,11.733781
5.0,1,11.735887
5.0,1,11.737924
-2.0,1,11.739954
-2.0,1,11.742017
5.0,1,11.744119
-2.0,1,11.746122
-2.0,1,11.748181
5.0,1,11.750253
-2.0,1,11.752265
-2.0,1,11.754289
-2.0,1,11.756371
5.0,1,11.758443
-2.0,1,11.76051
-2.0,1,11.762612
5.0,1,11.764712
-2.0,1,11.766736
5.0,1,11.768797
5.0,1,11.770853
-2.0,1,11.772843
4.75,2,11.777002
4.75,2,11.78123
-2.0,1,11.783216
-2.0,1,11.785273
-2.0,1,11.787351
-2.0,1,12.967014
4.75,2,12.970901
5.0,1,12.972609
5.0,1,12.974314
5.0,1,12.976091
-2.0,1,12.977785
5.0,1,12.979575
5.0,1,12.981295
5.0,1,12.983058
-2.0,1,12.984717
5.0,1,12.986449
5.0,1,12.988364
-2.0,1,12.990156
5.0,1,12.991907
-2.0,1,12.993586
-2.0,1,12.995371
-2.0,1,12.997097
-2.0,1,12.998909
-2.0,1,13.000767
-2.0,1,13.002497
-2.0,1,13.004209
5.0,1,13.006025
-2.0,1,13.007699
-2.0,1,13.009387
-2.0,1,13.011172
5.0,1,13.012977
-2.0,1,13.014723
5.0,1,13.016613
5.0,1,13.018336
5.0,1,13.0201
5.0,1,13.021876
4.75,2,13.025358
-2.0,1,13.027094
-2.0,1,13.028789
5.0,1,13.030628
5.0,1,13.03235
5.0,1,13.034104
-2.0,1,13.035817
-2.0,1,13.037572
-2.0,1,13.03928
-2.0,1,13.041116
4.75,2,13.044653
-2.0,1,13.04634
5.0,1,13.048138
-2.0,1,13.049846
5.0,1,13.051659
-2.0,1,13.053306
5.0,1,13.055152
-2.05,2,13.0587
-2.0,1,13.060495
-2.0,1,13.062181
-2.0,1,13.063927
4.75,2,13.067574
-2.0,1,13.0693
-2.0,1,13.071032
5.0,1,13.072822
-2.0,1,13.074494
-2.0,1,13.076165
4.75,2,13.07969
-2.0,1,13.081359
-2.0,1,13.083139
-2.0,1,13.084832
-2.0,1,13.086621
5.0,1,13.088384
-2.0,1,13.090091
5.0,1,13.091884
-2.0,1,13.093616
5.0,1,13.095449
-2.05,2,13.098909
-2.0,1,13.100609
-2.0,1,13.102371
-2.05,2,13.105829
-2.0,1,13.107606
4.75,2,13.11118
4.75,2,13.114773
-2.0,1,13.116484
-2.0,1,13.118268
-2.0,1,13.120042
5.0,1,13.121761
5.0,1,13.123563
5.0,1,13.125298
5.0,1,13.127084
5.0,1,13.128833
-2.0,1,13.130517
5.0,1,13.132301
5.0,1,13.134102
-2.0,1,13.135809
-2.0,1,13.137554
-2.0,1,13.139276
5.0,1,13.14105
-2.0,1,13.142735
-2.05,2,13.146159
-2.05,2,13.149673
5.0,1,13.151442
-2.0,1,13.153111
5.0,1,13.154956
-2.05,2,13.158623
-2.0,1,13.160441
5.0,1,13.16224
-2.05,2,13.165776
-2.0,1,13.167564
-2.0,1,13.169334
-2.0,1,13.171227
-2.0,1,13.173009
4.75,2,13.17656
-2.0,1,13.17829
5.0,1,13.180078
-2.0,1,13.181834
-2.0,1,13.183561
5.0,1,13.185328
-2.05,2,13.188828
5.0,1,13.190634
-2.0,1,13.192404
5.0,1,13.194148
5.0,1,13.195908
4.75,2,13.199477
-2.0,1,13.201345
5.0,1,13.203152
-2.05,2,13.206577
-2.0,1,13.208331
-2.0,1,13.210038
4.75,2,13.213594
-2.0,1,13.215341
-2.0,1,13.217131
-2.0,1,13.21892
-2.0,1,13.220676
-2.0,1,13.222415
5.0,1,13.224193
-2.05,2,13.227709
5.0,1,13.229516
-2.0,1,13.231255
-2.0,1,13.233015
-2.0,1,13.234834
-2.05,2,13.238352
5.0,1,13.240211
4.75,2,13.243782
5.0,1,13.245529
-2.0,1,13.247304
-2.0,1,13.249079
-2.0,1,13.250846
-2.0,1,13.252651
-2.0,1,13.254413
4.75,2,13.258045
-2.0,1,13.25977
-2.0,1,13.261616
-2.0,1,13.26341
-2.0,1,13.265193
4.75,2,13.268774
5.0,1,13.270532
-2.0,1,13.272242
-2.0,1,13.274025
5.0,1,13.27588
5.0,1,13.277731
-2.0,1,13.279465
4.75,2,13.283059
5.0,1,13.284816
-2.0,1,13.286506
-2.0,1,13.28833
-2.0,1,13.290128
5.0,1,13.291963
-2.0,1,13.293689
5.0,1,13.295512
5.0,1,13.297246
5.0,1,13.299085
-2.0,1,13.300844
5.0,1,13.302716
4.75,2,13.306236
-2.0,1,13.307954
-2.0,1,13.309701
-2.0,1,13.311537
4.75,2,13.315086
5.0,1,13.316885
5.0,1,13.318705
-2.0,1,13.320498
5.0,1,13.322447
5.0,1,13.324328
4.75,2,13.328121
-2.0,1,13.329944
-2.0,1,13.331889
-2.05,2,13.335606
4.75,2,13.339461
-2.0,1,13.341312
-2.0,1,13.34322
-2.0,1,13.345173
-2.0,1,13.347075
5.0,1,13.349004
4.75,2,13.352735
5.0,1,13.354649
5.0,1,13.356593
-2.0,1,13.358435
-2.0,1,13.360366
-2.0,1,13.362302
5.0,1,13.36421
5.0,1,13.366101
5.0,1,13.367986
-2.0,1,13.369866
-2.0,1,13.371755
5.0,1,13.373708
-2.0,1,13.375555
-2.05,2,13.379379
-2.0,1,13.381268
-2.0,1,13.383523
5.0,1,13.385502
-2.0,1,13.387343
-2.0,1,13.389152
5.0,1,13.391092
5.0,1,13.392967
-2.0,1,13.394842
4.75,2,13.398567
-2.0,1,13.400742
-2.0,1,13.402688
-2.05,2,13.406484
5.0,1,13.408475
-2.0,1,13.410427
5.0,1,13.412439
4.75,2,13.416374
5.0,1,13.418371
-2.0,1,13.420377
-2.05,2,13.42432
-2.0,1,13.426262
5.0,1,13.4283
-2.0,1,13.430257
-2.0,1,13.432209
-2.05,2,13.436098
-2.0,1,13.43805
5.0,1,13.440068
-2.0,1,13.441871
-2.0,1,13.443728
-2.0,1,13.445645
-2.0,1,13.447484
5.0,1,13.449357
-2.05,2,13.453112
4.75,2,13.4569
-2.0,1,13.458711
5.0,1,13.46065
-2.0,1,13.462533
4.75,2,13.466254
-2.05,2,13.46999
-2.0,1,13.471895
5.0,1,13.473806
-2.0,1,13.475671
5.0,1,13.477583
5.0,1,13.479442
-2.0,1,13.481267
-2.0,1,13.483163
-2.0,1,13.485027
-2.0,1,13.486907
-2.0,1,13.488792
-2.0,1,13.49068
-2.0,1,13.492525
-2.0,1,13.494369
5.0,1,13.496368
-2.0,1,13.498204
5.0,1,13.500166
5.0,1,13.502038
-2.0,1,13.503927
-2.0,1,13.5058
5.0,1,13.50773
5.0,1,13.509609
5.0,1,13.511536
-2.0,1,13.513402
4.75,2,13.517181
-2.0,1,13.519019
5.0,1,13.521055
-2.0,1,13.522919
5.0,1,13.524822
-2.0,1,13.526605
5.0,1,13.528544
-2.0,1,13.530439
5.0,1,13.53231
5.0,1,13.534175
-2.0,1,13.536002
5.0,1,13.537887
5.0,1,13.539771
4.75,2,13.543542
-2.05,2,13.547243
-2.0,1,13.549069
5.0,1,13.550957
-2.0,1,13.552789
4.75,2,13.556711
-2.0,1,13.558501
5.0,1,13.560419
5.0,1,13.562257
-2.0,1,13.564059
-2.0,1,13.565933
-2.0,1,13.567855
5.0,1,13.569727
5.0,1,13.571674
-2.0,1,13.57347
-2.0,1,13.575317
5.0,1,13.57721
-2.0,1,13.579067
5.0,1,13.580908
5.0,1,13.582793
-2.0,1,13.584594
5.0,1,13.586517
-2.0,1,13.588343
5.0,1,13.59026
-2.0,1,13.592071
4.75,2,13.595924
5.0,1,13.597822
-2.0,1,13.599653
5.0,1,13.601536
-2.0,1,13.603338
5.0,1,13.605247
-2.0,1,13.607059
-2.0,1,13.608905
-2.0,1,13.61079
-2.0,1,13.612657
-2.0,1,13.614523
-2.0,1,13.616418
-2.05,2,13.620187
5.0,1,13.622068
5.0,1,13.624098
-2.0,1,13.625933
4.75,2,13.629689
5.0,1,13.631589
5.0,1,13.633479
-2.0,1,13.635341
5.0,1,13.63728
-2.0,1,13.639127
-2.0,1,13.641006
5.0,1,13.642966
5.0,1,13.644847
-2.0,1,13.646634
5.0,1,13.648651
5.0,1,13.650525
-2.0,1,13.652294
-2.0,1,13.654093
-2.0,1,13.65591
-2.0,1,13.657788
5.0,1,13.659675
-2.0,1,13.66152
-2.0,1,13.663498
5.0,1,13.665557
5.0,1,13.667408
-2.0,1,13.6692
-2.0,1,13.670983
5.0,1,13.672867
-2.05,2,13.676592
-2.0,1,13.67841
-2.05,2,13.682218
-2.0,1,13.684068
-2.0,1,13.68598
5.0,1,13.687864
5.0,1,13.689737
-2.0,1,13.691537
5.0,1,13.693377
-2.0,1,13.695215
5.0,1,13.697022
-2.0,1,13.698879
5.0,1,13.700783
-2.0,1,13.70261
-2.05,2,13.706274
5.0,1,13.708201
-2.05,2,13.711876
-2.0,1,13.713725
5.0,1,13.715655
5.0,1,13.71751
-2.0,1,13.719299
-2.0,1,13.72114
5.0,1,13.72309
5.0,1,13.724964
5.0,1,13.726882
-2.0,1,13.728726
-2.0,1,13.730524
5.0,1,13.732432
5.0,1,13.734333
5.0,1,13.736216
-2.0,1,13.738025
-2.0,1,13.739897
-2.0,1,13.741763
5.0,1,13.743696
5.0,1,13.745518
5.0,1,13.747398
-2.0,1,13.749182
-2.0,1,13.751064
5.0,1,13.752959
5.0,1,13.754819
-2.0,1,13.75662
5.0,1,13.758544
-2.0,1,13.760479
5.0,1,13.762389
-2.0,1,13.764276
-2.0,1,13.766119
-2.0,1,13.76834
5.0,1,13.770302
-2.0,1,13.77228
5.0,1,13.774253
-2.0,1,13.776221
4.75,2,13.780184
-2.0,1,13.782236
-2.0,1,13.784222
-2.0,1,13.786148
-2.0,1,13.788311
5.0,1,13.790375
-2.0,1,13.792322
-2.0,1,13.794414
4.75,2,13.798678
-2.0,1,13.800569
5.0,1,13.802465
5.0,1,13.804469
5.0,1,13.806323
-2.0,1,13.808146
-2.0,1,13.809985
5.0,1,13.811955
-2.0,1,13.813908
5.0,1,13.815855
-2.0,1,13.817829
-2.0,1,13.819764
-2.0,1,13.821592
-2.0,1,13.823621
5.0,1,13.825531
-2.0,1,13.82734
-2.0,1,13.829212
-2.0,1,13.831048
5.0,1,13.832984
-2.0,1,13.834846
-2.0,1,13.836655
5.0,1,13.838559
-2.0,1,13.840483
-2.05,2,13.844213
5.0,1,13.846117
4.75,2,13.849812
5.0,1,13.851702
-2.0,1,13.853637
5.0,1,13.855619
-2.0,1,13.857439
5.0,1,13.859387
-2.0,1,13.861217
-2.0,1,13.863056
-2.0,1,13.864879
-2.0,1,13.866756
4.75,2,13.870546
-2.0,1,13.872576
5.0,1,13.874438
5.0,1,13.876268
-2.0,1,13.878113
5.0,1,13.880052
-2.0,1,13.88189
4.75,2,13.88567
-2.0,1,13.887544
-2.0,1,13.889481
5.0,1,13.891362
-2.0,1,13.893216
4.75,2,13.897103
5.0,1,13.898981
-2.0,1,13.900782
-2.0,1,13.902642
5.0,1,13.90467
-2.0,1,13.906452
-2.0,1,13.908329
-2.0,1,13.9102
-2.0,1,15.140035
5.0,1,15.142224
5.0,1,15.144122
-2.0,1,15.146586
5.0,1,15.148818
-2.0,1,15.150712
4.75,2,15.154428
5.0,1,15.156253
-2.0,1,15.158047
-2.0,1,15.159918
-2.0,1,15.161712
5.0,1,15.163634
5.0,1,15.165541
5.0,1,15.167418
5.0,1,15.169176
-2.0,1,15.171026
5.0,1,15.17287
5.0,1,15.174776
5.0,1,15.176773
4.75,2,15.180419
5.0,1,15.182292
5.0,1,15.184181
5.0,1,15.186006
4.75,2,15.189766
5.0,1,15.191643
-2.0,1,15.193599
5.0,1,15.195672
-2.0,1,15.197478
-2.0,1,15.199323
5.0,1,15.201233
5.0,1,15.203155
-2.05,2,15.206905
-2.0,1,15.208798
-2.0,1,15.21066
-2.0,1,15.212538
-2.0,1,15.21443
4.75,2,15.21821
-2.0,1,15.220027
-2.0,1,15.221912
4.75,2,15.225696
5.0,1,15.227525
5.0,1,15.229399
-2.0,1,15.231233
-2.0,1,15.233131
5.0,1,15.235093
5.0,1,15.236988
5.0,1,15.238857
5.0,1,15.240754
5.0,1,15.242596
5.0,1,15.244474
4.75,2,15.248222
4.75,2,15.251896
-2.0,1,15.253734
-2.0,1,15.255605
5.0,1,15.257517
5.0,1,15.259361
-2.0,1,15.261178
-2.0,1,15.263014
-2.0,1,15.264915
5.0,1,15.266875
5.0,1,15.268754
-2.0,1,15.270513
5.0,1,15.272409
5.0,1,15.274245
4.75,2,15.277954
5.0,1,15.279861
-2.0,1,15.281697
4.75,2,15.285396
5.0,1,15.287311
5.0,1,15.289189
-2.0,1,15.291032
5.0,1,15.292948
-2.05,2,15.296704
-2.0,1,15.298562
5.0,1,15.300477
4.75,2,15.304285
-2.0,1,15.306094
5.0,1,15.308007
5.0,1,15.309859
-2.0,1,15.31172
5.0,1,15.313665
-2.0,1,15.315476
-2.0,1,15.317396
5.0,1,15.319296
-2.0,1,15.321153
-2.0,1,15.323045
-2.0,1,15.324893
-2.05,2,15.328645
5.0,1,15.330517
-2.0,1,15.332336
-2.0,1,15.334168
5.0,1,15.336087
-2.0,1,15.337924
5.0,1,15.339859
4.75,2,15.343538
5.0,1,15.345512
4.75,2,15.349326
5.0,1,15.351214
-2.0,1,15.3531
5.0,1,15.355078
5.0,1,15.357
5.0,1,15.358969
5.0,1,15.360905
5.0,1,15.362793
4.75,2,15.366483
-2.0,1,15.368357
-2.0,1,15.370262
4.75,2,15.374013
4.75,2,15.377803
-2.0,1,15.379654
-2.0,1,15.381503
5.0,1,15.38344
-2.0,1,15.385276
4.75,2,15.389087
-2.05,2,15.392801
4.75,2,15.396557
5.0,1,15.398414
-2.0,1,15.400203
-2.0,1,15.402086
4.75,2,15.405918
5.0,1,15.407795
5.0,1,15.40964
5.0,1,15.411529
-2.0,1,15.413358
5.0,1,15.415279
-2.0,1,15.417074
5.0,1,15.418969
5.0,1,15.420829
4.75,2,15.424565
-2.0,1,15.426324
5.0,1,15.428361
5.0,1,15.430277
5.0,1,15.432271
-2.0,1,15.434087
-2.0,1,15.436038
5.0,1,15.43801
5.0,1,15.439877
5.0,1,15.441772
5.0,1,15.443697
5.0,1,15.445572
-2.0,1,15.447384
-2.0,1,15.449261
-2.0,1,15.45114
4.75,2,15.455045
-2.0,1,15.456914
-2.0,1,15.458846
-2.0,1,15.460766
5.0,1,15.462758
-2.0,1,15.4646
-2.0,1,15.466515
-2.0,1,15.46837
-2.0,1,15.470235
5.0,1,15.472525
5.0,1,15.474535
5.0,1,15.476478
5.0,1,15.478414
-2.0,1,15.480292
5.0,1,15.482245
5.0,1,15.484222
4.75,2,15.48813
4.75,2,15.492052
5.0,1,15.49404
-2.05,2,15.497926
-2.0,1,15.499887
4.75,2,15.503725
5.0,1,15.505697
5.0,1,15.507773
-2.0,1,15.509862
-2.0,1,15.511878
5.0,1,15.513927
-2.0,1,15.516117
-2.0,1,15.51835
5.0,1,15.520658
5.0,1,15.522682
5.0,1,15.524688
5.0,1,15.526694
-2.05,2,15.530715
5.0,1,15.532865
-2.0,1,15.534909
-2.0,1,15.53714
5.0,1,15.539166
5.0,1,15.541135
-2.0,1,15.543099
-2.0,1,15.545053
5.0,1,15.547084
5.0,1,15.549012
4.75,2,15.552976
-2.0,1,15.554913
-2.0,1,15.556874
-2.0,1,15.558895
4.75,2,15.563212
5.0,1,15.565335
-2.0,1,15.567389
5.0,1,15.569569
5.0,1,15.571705
5.0,1,15.573744
4.75,2,15.578136
-2.0,1,15.580269
-2.0,1,15.582426
-2.0,1,15.584612
5.0,1,15.586854
5.0,1,15.589087
-2.0,1,15.591328
5.0,1,15.593679
-2.05,2,15.598214
-2.0,1,15.600543
-2.0,1,15.602924
-2.0,1,15.605001
-2.0,1,15.607066
-2.0,1,15.609157
5.0,1,15.611253
-2.0,1,15.613235
-2.0,1,15.615312
4.75,2,15.619452
-2.0,1,15.621426
-2.0,1,15.623395
5.0,1,15.62549
5.0,1,15.627477
5.0,1,15.629513
5.0,1,15.631553
4.75,2,15.635714
5.0,1,15.637697
5.0,1,15.639984
4.75,2,15.644486
5.0,1,15.646975
4.75,2,15.651413
5.0,1,15.653677
-2.0,1,15.655978
-2.0,1,15.65814
5.0,1,15.660304
5.0,1,15.662404
-2.0,1,15.664538
5.0,1,15.666775
4.75,2,15.671092
4.75,2,15.675457
5.0,1,15.677629
5.0,1,15.679817
-2.0,1,15.681965
-2.0,1,15.684132
-2.0,1,15.686336
4.75,2,15.69083
5.0,1,15.69296
4.75,2,15.697277
-2.0,1,15.699432
-2.0,1,15.701625
5.0,1,15.703894
5.0,1,15.706082
-2.0,1,15.708251
5.0,1,15.710485
-2.0,1,15.712636
-2.0,1,15.714832
-2.0,1,15.716989
5.0,1,15.71917
4.75,2,15.723498
-2.0,1,15.725642
4.75,2,15.73007
-2.0,1,15.732261
-2.0,1,15.734444
5.0,1,15.736675
5.0,1,15.738842
5.0,1,15.741059
-2.0,1,15.743181
5.0,1,15.7454
5.0,1,15.747643
4.75,2,15.75197
5.0,1,15.754164
-2.0,1,15.756456
-2.0,1,15.758699
5.0,1,15.760962
5.0,1,15.763202
5.0,1,15.765414
5.0,1,15.767622
-2.0,1,15.76976
4.75,2,15.774323
5.0,1,15.776675
-2.0,1,15.779591
-2.0,1,15.781853
5.0,1,15.783981
5.0,1,15.786034
-2.0,1,15.788054
-2.0,1,15.790252
5.0,1,15.792542
4.75,2,15.796643
5.0,1,15.798774
5.0,1,15.800811
4.75,2,15.804975
-2.0,1,15.806987
-2.0,1,15.809019
-2.0,1,15.811135
5.0,1,15.813207
-2.0,1,15.815221
5.0,1,15.817493
5.0,1,15.820287
-2.0,1,15.822418
-2.0,1,15.824639
4.75,2,15.829234
5.0,1,15.831294
-2.0,1,15.833347
-2.0,1,15.835401
-2.0,1,15.837731
-2.0,1,15.840348
-2.0,1,15.842394
5.0,1,15.84455
5.0,1,15.846604
5.0,1,15.848725
5.0,1,15.850757
-2.0,1,15.852762
-2.0,1,15.854771
-2.0,1,15.85674
-2.0,1,15.858837
4.75,2,15.862996
5.0,1,15.865044
-2.0,1,15.867023
5.0,1,15.86906
-2.0,1,15.871063
5.0,1,15.873149
-2.0,1,15.875168
-2.0,1,15.877259
-2.0,1,15.879265
5.0,1,15.881417
5.0,1,15.883424
5.0,1,15.885561
5.0,1,15.887666
-2.0,1,15.889578
-2.0,1,15.8916
5.0,1,15.893704
-2.0,1,15.895758
-2.05,2,15.900494
5.0,1,15.902692
5.0,1,15.904834
5.0,1,15.906919
5.0,1,15.908981
-2.0,1,15.911027
-2.0,1,15.913066
-2.0,1,15.915176
-2.0,1,15.917475
-2.0,1,15.919694
5.0,1,15.921741
-2.05,2,15.925836
4.75,2,15.930059
-2.0,1,15.93206
-2.0,1,15.934309
4.75,2,15.938496
-2.0,1,15.940493
-2.0,1,15.942652
-2.0,1,15.945384
5.0,1,15.948042
5.0,1,15.950631
-2.0,1,15.953201
5.0,1,15.95576
5.0,1,15.958318
5.0,1,15.961046
-2.0,1,15.963697
-2.0,1,15.966229
-2.0,1,15.9688
5.0,1,15.971629
-2.0,1,15.974368
-2.05,2,15.978849
-2.0,1,15.980982
5.0,1,15.983307
5.0,1,15.985434
4.75,2,15.989777
4.75,2,15.994118
4.75,2,15.998472
5.0,1,16.000659
-2.0,1,16.002763
5.0,1,16.004987
-2.0,1,16.007126
5.0,1,16.009321
5.0,1,16.011508
4.75,2,16.015871
-2.0,1,16.017908
-2.0,1,16.020163
5.0,1,16.022395
-2.0,1,16.024772
5.0,1,16.027061
4.75,2,16.031508
5.0,1,16.033713
5.0,1,16.035964
-2.0,1,16.038184
-2.0,1,16.040408
-2.0,1,16.042578
5.0,1,16.044806
5.0,1,16.047041
5.0,1,16.049306
5.0,1,16.051568
4.75,2,16.056135
-2.0,1,16.058336
4.75,2,16.062866
5.0,1,16.065069
-2.0,1,16.067415
-2.0,1,16.069741
5.0,1,16.072079
-2.0,1,16.074329
4.75,2,16.078939
-2.0,1,16.081186
-2.0,1,16.08349
5.0,1,16.085766
-2.0,1,16.087951
-2.0,1,16.09016
-2.0,1,16.09241
5.0,1,16.094683
5.0,1,16.096953
5.0,1,16.099208
5.0,1,16.101451
5.0,1,16.103686
5.0,1,16.105949
-2.0,1,16.108216
-2.0,1,16.110452
-2.0,1,16.112726
-2.0,1,16.114978
4.75,2,16.119637
5.0,1,16.121923
-2.0,1,16.12418
5.0,1,16.12653
-2.0,1,16.128783
5.0,1,16.131423
-2.0,1,16.133829
4.75,2,16.138576
-2.0,1,16.140855
-2.05,2,16.14556
-2.0,1,16.147967
-2.0,1,16.150325
5.0,1,16.152632
5.0,1,16.154977
4.75,2,16.159735
5.0,1,16.162101
-2.0,1,16.164344
-2.0,1,16.16667
5.0,1,16.16912
4.75,2,16.173636
4.75,2,16.178006
-2.0,1,16.180148
5.0,1,16.182423
-2.0,1,16.184579
5.0,1,16.186773
5.0,1,16.188984
-2.0,1,16.191147
4.75,2,16.195472
4.75,2,16.199964
-2.0,1,16.202044
-2.05,2,17.562152
5.0,1,17.564667
5.0,1,17.566865
4.75,2,17.570993
-2.0,1,17.573004
5.0,1,17.575227
5.0,1,17.577228
5.0,1,17.579356
-2.0,1,17.581303
5.0,1,17.583337
5.0,1,17.585426
4.75,2,17.589517
5.0,1,17.591545
-2.0,1,17.593894
-2.0,1,17.595871
5.0,1,17.597809
5.0,1,17.599785
-2.05,2,17.603544
4.75,2,17.607336
4.75,2,17.611576
5.0,1,17.61362
4.75,2,17.617734
5.0,1,17.619824
4.75,2,17.623954
5.0,1,17.626045
5.0,1,17.628138
5.0,1,17.630208
5.0,1,17.632235
5.0,1,17.634297
5.0,1,17.63642
5.0,1,17.638463
4.75,2,17.64259
-2.0,1,17.644649
-2.0,1,17.646686
5.0,1,17.648826
4.75,2,17.653043
4.75,2,17.657136
5.0,1,17.659256
4.75,2,17.663569
5.0,1,17.665576
5.0,1,17.667544
4.75,2,17.671498
-2.0,1,17.673347
5.0,1,17.675389
5.0,1,17.677419
5.0,1,17.679413
5.0,1,17.681372
4.75,2,17.685318
5.0,1,17.687216
-2.0,1,17.689048
4.75,2,17.69273
5.0,1,17.694527
5.0,1,17.696448
5.0,1,17.698251
5.0,1,17.700121
5.0,1,17.701974
5.0,1,17.703868
5.0,1,17.705745
5.0,1,17.707645
5.0,1,17.709404
5.0,1,17.711274
5.0,1,17.713176
5.0,1,17.715067
5.0,1,17.716938
4.75,2,17.720602
-2.0,1,17.722327
4.75,2,17.726075
-2.0,1,17.727939
5.0,1,17.729846
5.0,1,17.731731
-2.0,1,17.733436
-2.0,1,17.735334
5.0,1,17.737275
5.0,1,17.739067
5.0,1,17.740871
5.0,1,17.742656
-2.0,1,17.744475
5.0,1,17.746362
4.75,2,17.750052
-2.0,1,17.751892
-2.0,1,17.753767
4.75,2,17.757493
-2.0,1,17.759368
4.75,2,17.762985
5.0,1,17.764851
4.75,2,17.768571
5.0,1,17.770355
5.0,1,17.772228
4.75,2,17.775977
5.0,1,17.77781
5.0,1,17.779686
5.0,1,17.781501
-2.0,1,17.783336
5.0,1,17.785188
4.75,2,17.788984
5.0,1,17.790825
5.0,1,17.792696
5.0,1,17.794446
5.0,1,17.796344
5.0,1,17.798206
-2.0,1,17.800035
-2.0,1,17.801879
5.0,1,17.803835
4.75,2,17.807529
-2.0,1,17.809256
-2.0,1,17.811129
5.0,1,17.813065
-2.0,1,17.814915
4.75,2,17.81864
4.75,2,17.822281
-2.0,1,17.824122
-2.05,2,17.827876
5.0,1,17.829859
5.0,1,17.831657
5.0,1,17.833527
5.0,1,17.835364
4.75,2,17.839163
5.0,1,17.840977
4.75,2,17.844676
4.75,2,17.848316
4.75,2,17.852064
-2.05,2,17.855704
-2.0,1,17.857601
5.0,1,17.859507
4.75,2,17.863362
4.75,2,17.867033
5.0,1,17.8689
5.0,1,17.870752
5.0,1,17.87257
5.0,1,17.87442
4.75,2,17.878134
5.0,1,17.879994
5.0,1,17.881763
5.0,1,17.883643
-2.0,1,17.885451
5.0,1,17.887324
-2.0,1,17.889102
-2.0,1,17.890982
-2.0,1,17.892752
4.75,2,17.896495
-2.0,1,17.898267
5.0,1,17.90016
5.0,1,17.901947
5.0,1,17.903861
-2.0,1,17.905632
-2.0,1,17.907505
4.75,2,17.911183
-2.0,1,17.912982
-2.0,1,17.914809
-2.0,1,17.916613
5.0,1,17.918503
4.75,2,17.922145
4.75,2,17.925773
-2.0,1,17.927614
5.0,1,17.92942
5.0,1,17.931513
-2.0,1,17.933403
4.75,2,17.93732
4.75,2,17.941249
-2.0,1,17.943137
-2.0,1,17.945068
4.75,2,17.949081
-2.0,1,17.951015
5.0,1,17.952959
4.75,2,17.956872
4.75,2,17.960697
-2.0,1,17.96262
4.75,2,17.966585
5.0,1,17.968502
5.0,1,17.970417
5.0,1,17.972282
5.0,1,17.97425
-2.0,1,17.976156
-2.0,1,17.978135
5.0,1,17.980174
-2.0,1,17.982099
5.0,1,17.984064
4.75,2,17.988025
-2.05,2,17.991992
4.75,2,17.995933
4.75,2,17.999893
5.0,1,18.001802
5.0,1,18.003803
5.0,1,18.005765
-2.0,1,18.007685
5.0,1,18.009641
4.75,2,18.013569
4.75,2,18.017535
5.0,1,18.019525
4.75,2,18.0234
5.0,1,18.025373
5.0,1,18.027349
-2.0,1,18.029279
4.75,2,18.03328
5.0,1,18.03529
5.0,1,18.037248
5.0,1,18.039185
-2.0,1,18.041107
5.0,1,18.043117
4.75,2,18.047056
4.75,2,18.051002
5.0,1,18.052915
4.75,2,18.056584
5.0,1,18.05846
5.0,1,18.060351
5.0,1,18.062217
5.0,1,18.063993
5.0,1,18.06584
-2.0,1,18.067585
5.0,1,18.069498
-2.0,1,18.071348
5.0,1,18.073202
4.75,2,18.076963
5.0,1,18.078749
5.0,1,18.080632
4.75,2,18.084329
4.75,2,18.087959
-2.0,1,18.089794
-2.0,1,18.091613
-2.0,1,18.093467
5.0,1,18.095371
-2.0,1,18.097177
4.75,2,18.100854
5.0,1,18.102612
5.0,1,18.10445
5.0,1,18.106249
4.75,2,18.109941
5.0,1,18.111834
-2.0,1,18.113642
-2.0,1,18.115497
4.75,2,18.119281
-2.0,1,18.121221
5.0,1,18.123152
5.0,1,18.125044
5.0,1,18.126859
5.0,1,18.128706
-2.0,1,18.13049
5.0,1,18.132314
5.0,1,18.134151
5.0,1,18.136014
5.0,1,18.137819
5.0,1,18.139687
5.0,1,18.141537
5.0,1,18.143406
-2.0,1,18.145211
5.0,1,18.147017
5.0,1,18.14882
5.0,1,18.150942
5.0,1,18.152795
4.75,2,18.156469
-2.0,1,18.158196
-2.0,1,18.160024
4.75,2,18.163841
4.75,2,18.16752
4.75,2,18.171276
-2.0,1,18.173105
4.75,2,18.176817
4.75,2,18.18041
-2.0,1,18.182224
-2.0,1,18.184018
5.0,1,18.185918
-2.0,1,18.18774
5.0,1,18.189578
-2.0,1,18.191393
-2.0,1,18.19325
4.75,2,18.196951
5.0,1,18.198883
4.75,2,18.202629
5.0,1,18.204526
5.0,1,18.206434
5.0,1,18.20835
4.75,2,18.212059
4.75,2,18.215802
5.0,1,18.217691
5.0,1,18.219501
5.0,1,18.221415
4.75,2,18.225196
5.0,1,18.227021
5.0,1,18.228782
4.75,2,18.232406
4.75,2,18.23607
4.75,2,18.239856
4.75,2,18.243441
5.0,1,18.245301
5.0,1,18.247193
5.0,1,18.249064
5.0,1,18.250806
5.0,1,18.25269
4.75,2,18.256348
-2.0,1,18.258075
5.0,1,18.259995
4.75,2,18.263647
4.75,2,18.267291
5.0,1,18.269168
4.75,2,18.272908
5.0,1,18.274768
4.75,2,18.278393
5.0,1,18.280224
5.0,1,18.282089
4.75,2,18.285746
5.0,1,18.287631
5.0,1,18.289496
5.0,1,18.291677
5.0,1,18.293678
5.0,1,18.295794
-2.0,1,18.297943
-2.0,1,18.30012
5.0,1,18.302357
4.75,2,18.306661
5.0,1,18.308857
5.0,1,18.310902
4.75,2,18.315266
5.0,1,18.317436
-2.05,2,18.321809
4.75,2,18.326014
-2.0,1,18.327905
4.75,2,18.331839
4.75,2,18.335925
5.0,1,18.337889
5.0,1,18.339887
-2.0,1,18.341787
4.75,2,18.34567
5.0,1,18.347682
5.0,1,18.349636
5.0,1,18.351647
4.75,2,18.355617
5.0,1,18.357582
-2.0,1,18.359469
5.0,1,18.361463
-2.0,1,18.363355
-2.0,1,18.365313
-2.0,1,18.367289
4.75,2,18.371221
-2.0,1,18.373245
5.0,1,18.375218
-2.0,1,18.37713
-2.0,1,18.379092
-2.0,1,18.381079
5.0,1,18.383113
-2.0,1,18.385006
4.75,2,18.388875
5.0,1,18.390773
4.75,2,18.394688
4.75,2,18.398578
5.0,1,18.400493
5.0,1,18.402361
-2.0,1,18.40428
5.0,1,18.406258
5.0,1,18.408198
4.75,2,18.412212
5.0,1,18.414227
5.0,1,18.416212
-2.0,1,18.418112
5.0,1,18.420177
-2.0,1,18.422067
4.75,2,18.426135
4.75,2,18.430034
4.75,2,18.434345
5.0,1,18.436337
5.0,1,18.43822
-2.0,1,18.440181
-2.0,1,18.442055
5.0,1,18.44407
4.75,2,18.448031
5.0,1,18.449936
5.0,1,18.451948
5.0,1,18.45391
4.75,2,18.457754
4.75,2,18.461786
5.0,1,18.463962
-2.0,1,18.46602
4.75,2,18.470304
-2.0,1,18.472409
5.0,1,18.474712
-2.0,1,18.47675
4.75,2,18.481049
5.0,1,18.483175
5.0,1,18.485212
5.0,1,18.487309
5.0,1,18.489311
-2.0,1,18.491348
5.0,1,18.493447
-2.0,1,18.495483
-2.05,2,18.499552
5.0,1,18.501567
-2.0,1,18.50369
5.0,1,18.505912
4.75,2,18.509988
5.0,1,18.512106
4.75,2,18.516422
5.0,1,18.518636
5.0,1,18.520751
5.0,1,18.522907
5.0,1,18.524893
5.0,1,18.526969
4.75,2,18.531107
5.0,1,18.533166
5.0,1,18.535378
4.75,2,18.539511
5.0,1,18.541595
4.75,2,18.545707
-2.0,1,18.547839
4.75,2,19.77576
5.0,1,19.777982
5.0,1,19.780023
4.75,2,19.784075
5.0,1,19.7861
5.0,1,19.788133
4.75,2,19.791842
5.0,1,19.793668
5.0,1,19.795703
5.0,1,19.797682
-5.25,18,19.833882
6.0,1,19.836252
5.75,2,19.840113
5.0,1,19.841849
-2.55,4,19.848805
-4.55,12,19.870195
-5.25,18,19.900889
-5.25,18,19.931214
-5.25,18,19.962989
-4.55,12,19.984035
-2.0,1,19.985839
-2.0,1,19.987694
-5.25,18,20.019465
-2.05,2,20.022924
-2.0,1,20.024617
5.0,1,20.026289
-2.8,5,20.034642
-5.25,18,20.067455
5.0,1,20.069251
-2.55,4,20.076163
5.75,2,20.079613
-2.0,1,20.081356
6.0,1,20.083158
4.75,2,20.086766
4.75,2,20.090444
4.75,2,20.09416
6.0,1,20.095962
6.0,1,20.097776
-5.25,18,20.129938
6.0,1,20.131757
-2.0,1,20.133471
-5.25,18,20.165314
-3.3,7,20.178085
-2.55,4,20.186148
-5.25,18,20.219557
5.75,2,20.22321
-2.0,1,20.224947
5.0,1,20.226771
6.0,1,20.228518
5.0,1,20.230324
-2.05,2,20.233807
-3.05,6,20.244607
6.0,1,20.24636
-2.0,1,20.248087
5.0,1,20.249825
-5.25,18,20.281415
-5.25,18,20.314592
-2.05,2,20.318361
5.0,1,20.320335
-2.0,1,20.322189
-5.25,18,20.355935
6.0,1,20.357862
5.75,2,20.361675
6.0,1,20.363534
5.75,2,20.367469
-5.25,18,20.401966
5.0,1,20.403946
-2.55,4,20.412351
-5.25,18,20.446671
5.0,1,20.448447
5.0,1,20.450412
-5.3,15,20.477977
6.0,1,20.479897
-2.0,1,20.481739
5.0,1,20.483756
5.0,1,20.485622
-2.0,1,20.487412
-5.25,18,20.522008
4.75,2,20.525896
6.0,1,20.527836
5.75,2,20.531391
5.75,2,20.535014
4.75,2,20.538663
5.75,2,20.542441
6.0,1,20.544316
-5.25,18,20.578385
4.75,2,20.582214
4.75,2,20.585948
5.75,2,20.589747
-5.25,18,20.623726
5.0,1,20.625507
-5.25,18,20.659138
5.0,1,20.660968
4.75,2,20.664564
5.0,1,20.666395
-2.3,3,20.671759
5.75,2,20.675405
5.75,2,20.679095
-5.25,18,20.711845
-5.05,14,21.984491
-3.3,7,21.996346
6.0,1,21.998145
-3.05,6,22.008626
-4.3,11,22.027271
5.75,2,22.030626
-5.25,18,22.061733
-5.55,16,22.08972
6.0,1,22.09158
5.0,1,22.093272
-2.05,2,22.09669
-5.25,18,22.127983
4.75,2,22.1318
-5.25,18,22.162896
5.0,1,22.164634
4.75,2,22.168164
5.0,1,22.169971
-3.55,8,22.184403
5.0,1,22.186264
-5.25,18,22.220189
-2.0,1,22.221913
-5.25,18,22.257799
6.0,1,22.25993
5.0,1,22.261664
-5.25,18,22.294389
-4.85,18,22.326837
-5.25,18,22.360484
6.0,1,22.362261
-2.0,1,22.36423
6.0,1,22.366102
6.0,1,22.368015
-2.05,2,22.371704
5.75,2,22.375554
-3.3,7,22.389012
5.15,6,22.399852
-2.3,3,22.40529
-5.25,18,22.438952
-5.25,18,22.472397
4.75,2,22.476045
-2.8,5,22.485133
-5.25,18,22.518028
-5.25,18,22.550591
-2.0,1,22.552337
6.0,1,22.554254
-5.25,18,22.586972
-5.25,18,22.620221
-5.25,18,22.652752
5.0,1,22.654541
-4.05,10,22.672658
-5.25,18,22.705399
5.75,2,22.709265
-3.3,7,22.721857
4.75,2,22.725515
-6.05,18,22.758339
6.0,1,22.760196
5.75,2,22.763813
-5.25,18,22.796998
6.0,1,22.798822
6.0,1,22.800698
5.75,2,22.804331
4.75,2,22.807899
-5.25,18,22.84049
-2.3,3,22.845887
-2.3,3,22.851269
-5.25,18,22.884052
5.0,1,22.885855
5.0,1,22.887806
5.0,1,22.889676
6.0,1,24.150377
5.0,1,24.152489
5.95,2,24.156397
-5.25,18,24.191101
5.75,2,24.194967
-5.25,18,24.229064
-3.55,8,24.244644
6.0,1,24.246719
6.0,1,24.248598
5.0,1,24.250475
5.0,1,24.252397
6.0,1,24.254365
4.75,2,24.258197
-3.3,7,24.27175
-5.25,18,24.308403
-3.55,8,24.324124
-2.05,2,24.328102
-5.25,18,24.362222
4.75,2,24.366115
-2.05,2,24.370124
5.0,1,24.372159
-2.05,2,24.376117
-4.55,12,24.39964
-3.05,6,24.41196
-5.25,18,24.447045
5.0,1,24.448955
5.0,1,24.450856
6.0,1,24.452775
6.0,1,24.45466
5.75,2,24.458416
5.0,1,24.460278
6.0,1,24.462214
5.75,2,24.466204
-2.8,5,24.475958
-4.3,11,24.497684
4.75,2,24.501672
4.75,2,24.505588
5.75,2,24.509549
-6.05,18,24.546763
-5.25,18,24.583088
-2.0,1,24.58494
-5.25,18,24.620313
-6.05,18,24.656315
4.75,2,24.660311
-2.0,1,24.662329
6.0,1,24.664374
-2.0,1,24.666425
6.0,1,24.668512
5.0,1,24.670529
-5.25,18,24.705816
4.75,2,24.709762
5.75,2,24.713701
5.0,1,24.715731
6.0,1,24.717718
-2.0,1,24.719684
-2.0,1,24.721628
5.0,1,24.723772
-5.25,18,24.760954
4.75,2,24.765014
4.75,2,24.769139
-3.9,11,24.791326
5.0,1,24.793418
5.75,2,24.797443
6.0,1,24.799509
-2.3,3,24.805619
5.0,1,24.80777
-2.0,1,24.809736
-5.25,18,24.845817
-2.55,4,24.853892
-5.25,18,24.889831
5.75,2,24.893888
-5.25,18,24.929588
-5.25,18,24.965126
5.75,2,24.969096
4.75,2,24.973138
5.0,1,24.975144
6.0,1,24.977127
-5.25,18,25.012393
5.75,2,25.016409
-5.25,18,25.051642
-5.25,18,25.084469
5.0,1,25.086385
-4.55,12,25.108164
6.0,1,25.11
4.75,2,25.113594
-2.05,2,25.117213
6.0,1,25.119096
4.75,2,25.122698
-2.0,1,25.124573
-5.25,18,26.429896
5.0,1,26.43205
-2.55,4,26.439386
4.75,2,26.443241
6.0,1,26.445031
-2.0,1,26.446796
5.0,1,26.448836
-3.55,8,26.463773
6.0,1,26.46559
-2.0,1,26.467486
-2.3,3,26.473273
-2.05,2,26.476864
6.0,1,26.478703
-4.05,10,26.496817
-2.05,2,26.500474
5.75,2,26.504241
6.0,1,26.506064
-5.25,18,26.53972
-5.25,18,26.572798
6.0,1,26.574578
5.0,1,26.576575
4.75,2,26.580528
5.0,1,26.582361
-2.0,1,26.584154
5.75,2,26.587775
-2.05,2,26.591342
-2.0,1,26.593178
4.75,2,26.596889
5.75,2,26.600672
-5.25,18,26.634392
4.75,2,26.63815
6.0,1,26.640029
5.0,1,26.641796
-2.0,1,26.643664
-2.35,4,26.650848
-5.25,18,26.683388
6.0,1,26.685162
-2.3,3,26.690567
6.0,1,26.692394
5.75,2,26.696092
6.0,1,26.697891
5.0,1,26.699703
6.0,1,26.70153
-5.25,18,26.73549
6.0,1,26.737304
-2.8,5,26.746428
-3.55,8,26.761536
4.75,2,26.765341
-2.05,2,26.769148
-5.25,18,26.804498
6.0,1,26.806593
6.0,1,26.808584
5.75,2,26.812476
5.0,1,26.814345
5.0,1,26.816258
6.0,1,26.818136
4.75,2,26.821937
-2.55,4,26.829852
4.75,2,26.833698
-6.05,18,26.868355
-5.25,18,26.9031
5.75,2,26.90689
4.75,2,26.910868
5.75,2,26.914768
-3.55,8,26.929829
5.0,1,26.931813
6.0,1,26.933794
6.0,1,26.935714
-2.05,2,26.939468
-2.0,1,26.941436
5.75,2,26.945401
5.0,1,26.947473
5.0,1,26.949443
5.75,2,26.953502
5.0,1,26.955661
-2.55,4,26.963459
-3.05,6,26.975199
-2.3,3,26.9811
6.0,1,26.983067
-2.0,1,26.984979
-2.55,4,26.992733
-2.0,1,26.99481
5.0,1,26.996868
-2.05,2,27.000681
4.75,2,27.004788
4.75,2,27.008791
6.0,1,27.01069
4.75,2,27.014963
5.0,1,27.01711
-5.25,18,27.052308
6.0,1,27.054213
5.0,1,27.056159
4.75,2,27.060122
6.0,1,27.062148
-2.0,1,27.064132
5.0,1,27.06617
-4.85,18,27.101793
-2.05,2,27.105729
-2.0,1,27.107682
4.75,2,27.11159
-5.3,15,27.13965
-5.25,18,27.172766
-5.25,18,27.205544
3.65,12,27.227673
-5.25,18,27.263569
4.75,2,27.267724
6.0,1,27.269756
5.0,1,27.271796
-2.3,3,27.277951
-2.05,2,27.282144
-2.0,1,27.284216
5.0,1,27.286275
-3.3,7,27.300815
5.75,2,27.304854
6.0,1,27.306854
-3.55,8,27.322819
-5.25,18,27.35753
4.75,2,27.361341
6.0,1,27.363254
4.75,2,27.367075
-2.3,3,27.372736
-2.05,2,27.376631
-2.05,2,27.380772
-3.8,9,27.397907
-2.0,1,27.399817
5.75,2,27.403682
6.0,1,28.528424
2.9,15,28.553325
4.75,2,28.556574
6.0,1,28.55816
6.0,1,28.559822
5.0,1,28.56142
5.75,2,28.564627
4.75,2,28.567857
4.75,2,28.571179
6.0,1,28.573035
5.0,1,28.574708
-3.55,8,28.587796
4.75,2,28.591097
6.0,1,28.59268
6.0,1,28.594271
-2.55,4,28.600698
-5.8,17,28.628533
-2.3,3,28.633593
5.75,2,28.637018
-6.05,18,28.666834
5.0,1,28.668468
-4.85,18,28.698888
-2.3,3,28.704095
5.75,2,28.707402
5.0,1,28.709064
-2.05,2,28.712352
-3.55,8,28.725639
-4.55,12,28.745644
4.75,2,28.748917
5.0,1,28.750507
-2.55,4,28.757021
-4.85,18,28.787973
4.75,2,28.791322
-2.0,1,28.792916
-5.25,18,28.822776
4.75,2,28.826006
5.75,2,28.829427
6.0,1,28.831068
5.0,1,28.83267
6.0,1,28.834304
-2.3,3,28.839321
4.75,2,28.842647
-2.0,1,28.84424
6.0,1,28.845882
-4.85,18,28.87575
6.0,1,28.87748
-5.25,18,28.907537
-5.25,18,28.937388
-3.3,7,28.948923
5.0,1,28.950585
-4.8,13,28.972536
-2.0,1,28.974141
-5.25,18,29.004167
4.75,2,29.007598
5.0,1,29.009278
6.0,1,29.010927
-2.0,1,29.012512
6.0,1,29.01422
-2.0,1,29.015874
4.75,2,29.019344
5.0,1,29.021115
5.75,2,29.024414
-2.0,1,29.025996
-4.3,11,29.044655
6.0,1,29.0465
5.0,1,29.048177
4.75,2,29.051499
5.0,1,29.053252
5.0,1,29.05492
4.75,2,29.058391
4.75,2,29.061861
-3.3,7,29.07389
5.7,3,29.079075
-4.3,11,29.098051
6.0,1,29.099927
5.0,1,29.101633
5.0,1,29.10494
-2.55,4,29.112022
-5.25,18,29.143131
-2.0,1,29.144814
-3.05,6,29.155275
5.45,4,29.162004
-2.55,4,29.168813
-2.0,1,29.170819
5.0,1,29.172553
-2.0,1,29.174182
6.0,1,29.175914
5.0,1,29.177606
-5.05,14,29.202055
3.4,13,29.225543
4.75,2,29.229072
5.0,1,29.230774
5.95,2,29.234162
-2.0,1,29.235875
6.0,1,29.237653
5.75,2,29.241107
6.0,1,29.242899
-2.55,4,29.24986
-5.25,18,29.280856
-5.25,18,29.312634
4.75,2,29.316034
-2.8,5,29.324726
-2.0,1,29.326564
-5.05,14,29.351951
-5.25,18,29.384744
-3.55,8,29.398406
-2.0,1,30.685511
-2.55,4,30.692935
5.0,1,30.694954
5.0,1,30.696771
6.0,1,30.698669
4.75,2,30.702464
5.75,2,30.706291
-2.05,2,30.710063
-2.0,1,30.711935
4.75,2,30.715566
4.75,2,30.719152
-3.3,7,30.731904
-3.8,9,30.748357
6.0,1,30.750186
-2.3,3,30.755618
4.75,2,30.759293
-2.05,2,30.762849
-6.05,18,30.795448
5.0,1,30.797338
5.0,1,30.799224
4.75,2,30.802915
6.0,1,30.804879
4.75,2,30.808717
3.2,13,30.832772
-4.05,10,30.851083
-5.25,18,30.884963
-2.0,1,30.886754
-2.05,2,30.890352
-2.05,2,30.893925
5.65,4,30.901135
6.0,1,30.902936
5.0,1,30.90473
-5.25,18,30.938067
-2.3,3,30.943608
-2.0,1,30.945518
6.0,1,30.947407
-2.3,3,30.95323
5.0,1,30.955337
-2.8,5,30.965245
-2.0,1,30.967332
-5.25,18,31.004602
-4.3,11,31.026824
-4.3,11,31.049488
-2.0,1,31.051598
-6.05,18,31.088097
5.0,1,31.090165
-5.55,16,31.122263
4.75,2,31.126367
-2.05,2,31.130023
-2.05,2,31.134081
-2.0,1,31.135953
6.0,1,31.137835
-5.25,18,31.171685
-2.8,5,31.1815
6.0,1,31.183515
5.0,1,31.185487
-2.05,2,31.189345
6.0,1,31.19135
6.0,1,31.193344
5.0,1,31.195381
5.0,1,31.197308
-5.25,18,31.232576
-3.8,9,31.24966
4.75,2,31.253464
5.0,1,31.255456
6.0,1,31.257317
-3.1,7,31.271072
4.75,2,31.274848
-2.0,1,31.276702
6.0,1,31.278635
5.75,2,31.282655
5.75,2,31.28648
-2.0,1,31.288377
5.75,2,31.292243
5.75,2,31.296008
5.75,2,31.30003
5.0,1,31.30216
5.0,1,31.304183
5.0,1,31.306135
5.0,1,31.308048
-5.3,15,31.336805
5.75,2,31.340867
5.95,2,31.344857
5.0,1,31.346947
-5.25,18,31.381037
5.0,1,31.382969
5.75,2,31.38679
-5.8,17,31.419226
4.75,2,31.423044
-5.8,17,31.455615
-2.05,2,31.459298
5.45,4,31.466771
5.0,1,31.468646
5.75,2,31.472441
5.0,1,31.474451
6.0,1,31.4764
4.75,2,31.480365
5.75,2,31.484137
4.75,2,31.487915
6.0,1,31.489823
6.0,1,31.491867
6.0,1,31.493737
-6.05,18,31.527401
-2.55,4,31.534922
5.75,2,31.5387
6.0,1,31.540561
5.75,2,31.544272
-2.0,1,31.546119
-5.25,18,31.580764
-3.55,8,31.595923
5.0,1,31.597787
5.0,1,31.599707
5.0,1,31.601651
5.85,4,31.609474
-2.55,4,31.617063
5.0,1,31.618946
6.0,1,31.620823
-3.8,9,31.638332
5.0,1,31.640248
-5.25,18,32.941731
-2.05,2,32.945801
5.0,1,32.947803
-5.25,18,32.983087
4.75,2,32.986938
6.0,1,32.988895
-3.05,6,33.001119
-2.0,1,33.003202
6.0,1,33.005117
-3.3,7,33.019255
-2.05,2,33.023244
-5.25,18,33.058105
5.0,1,33.060115
-2.05,2,33.064147
-2.05,2,33.068174
4.75,2,33.072127
5.75,2,33.076039
5.0,1,33.07799
4.75,2,33.082055
4.9,7,33.096127
-2.0,1,33.098115
5.0,1,33.10017
6.0,1,33.102196
-2.05,2,33.106197
-2.0,1,33.108252
6.0,1,33.110208
-4.55,12,33.133414
5.0,1,33.13555
-5.05,14,33.162797
-3.05,6,33.174851
-2.0,1,33.176903
-2.3,3,33.183003
-6.05,18,33.218624
-4.85,18,33.254163
-2.0,1,33.256155
6.0,1,33.258095
5.0,1,33.260165
4.75,2,33.264121
5.0,1,33.26617
6.0,1,33.268161
-5.25,18,33.303354
-2.0,1,33.305302
-2.05,2,33.309401
-5.25,18,33.34452
6.0,1,33.346468
-2.0,1,33.348421
5.0,1,33.350416
5.0,1,33.352486
5.0,1,33.354404
-5.25,18,33.388876
5.95,2,33.392594
4.75,2,33.396908
5.0,1,33.398949
4.75,2,33.403014
5.0,1,33.405118
-5.25,18,33.442471
-5.25,18,33.47852
6.0,1,33.480676
-2.0,1,33.482629
-5.25,18,33.518043
-2.05,2,33.521821
-3.55,8,33.536697
5.0,1,33.538658
-4.8,13,33.563471
-2.0,1,33.565522
4.75,2,33.569433
3.7,11,33.590184
4.75,2,33.594027
-2.3,3,33.599688
-2.3,3,33.605485
2.2,17,33.637555
6.0,1,33.639413
4.75,2,33.642931
-2.0,1,33.64463
4.75,2,33.648328
-2.0,1,33.650124
-5.25,18,33.681499
5.4,5,33.690405
5.0,1,33.69239
-2.0,1,33.694073
-4.05,10,33.711857
-2.05,2,33.71542
-5.25,18,33.74672
-2.0,1,33.748428
5.0,1,33.750268
5.0,1,33.752111
5.75,2,33.755619
-3.8,9,33.771204
4.95,6,33.781798
3.15,14,33.805959
4.75,2,33.809391
4.75,2,33.812836
-5.25,18,33.845045
-2.05,2,33.848439
-2.3,3,33.85371
4.75,2,33.857226
-2.05,2,33.860667
-3.3,7,33.873924
5.0,1,33.875876
-5.25,18,33.909072
4.75,2,35.119469
5.75,2,35.123121
-2.55,4,35.130406
5.0,1,35.132246
4.75,2,35.135711
5.0,1,35.137421
4.75,2,35.14094
-3.3,7,35.153711
6.0,1,35.155608
5.0,1,35.15739
-2.0,1,35.159233
4.75,2,35.162861
-2.05,2,35.16644
4.75,2,35.169946
-5.25,18,35.202676
-5.25,18,35.236653
4.75,2,35.240418
5.0,1,35.242391
-3.3,7,35.255883
5.0,1,35.257842
4.75,2,35.261661
-4.3,11,35.282913
5.0,1,35.284853
4.75,2,35.288574
-5.25,18,35.322297
4.75,2,35.325956
4.75,2,35.329775
-3.3,7,35.343218
-2.05,2,35.346967
6.0,1,35.348898
6.0,1,35.350766
-6.05,18,35.385523
-2.8,5,35.395175
4.75,2,35.399211
4.75,2,35.40304
5.75,2,35.406821
-2.05,2,35.410443
-3.05,6,35.421819
4.75,2,35.425767
6.0,1,35.427715
4.75,2,35.43149
4.75,2,35.435199
-5.25,18,35.468635
-2.3,3,35.474215
5.75,2,35.477974
5.0,1,35.479869
5.75,2,35.483661
-2.0,1,35.485758
-3.8,9,35.502675
-3.35,8,35.517217
4.75,2,35.520837
-4.85,18,35.554626
4.75,2,35.558362
-2.3,3,35.563861
5.75,2,35.567742
-2.05,2,35.571641
-2.0,1,35.573684
-2.0,1,35.575873
-2.0,1,35.577907
-2.05,2,35.582028
-2.0,1,35.584021
5.75,2,35.588198
-2.0,1,35.590255
6.0,1,35.59231
-5.25,18,35.628644
-4.05,10,35.648731
-2.05,2,35.65286
-5.55,16,35.683985
4.75,2,35.687926
5.0,1,35.68985
5.0,1,35.691867
5.65,4,35.699512
5.0,1,35.701406
-2.0,1,35.703365
-2.05,2,35.707089
-2.0,1,35.708953
-4.85,18,35.743664
4.75,2,35.747665
5.7,3,35.753857
4.75,2,35.758089
4.75,2,35.762189
6.0,1,35.764212
5.75,2,35.76832
-5.25,18,35.805094
6.0,1,35.807077
5.75,2,35.810986
-5.25,18,35.848851
4.75,2,35.85305
-3.3,7,35.867606
-2.8,5,35.877905
5.0,1,35.88008
5.75,2,35.88429
-3.05,6,35.896415
6.0,1,35.898624
6.0,1,35.900763
5.75,2,35.904947
-2.05,2,35.908999
5.0,1,35.911087
-2.0,1,35.913165
-4.55,12,35.937586
-2.0,1,35.939744
-2.3,3,35.945836
4.75,2,35.949886
6.0,1,35.951877
4.75,2,35.956007
5.75,2,35.959888
6.0,1,35.961841
5.0,1,35.964006
-2.05,2,35.967834
6.0,1,35.970001
-2.05,2,35.974071
5.0,1,35.976187
-5.25,18,36.012639
4.75,2,36.016599
6.0,1,36.018677
-3.8,9,36.036575
-4.55,12,36.060366
-4.3,11,36.081671
5.75,2,36.085849
4.75,2,36.090095
-6.05,18,37.473622
5.2,5,37.484559
5.0,1,37.486827
-3.3,7,37.503062
6.0,1,37.505543
-2.05,2,37.510494
6.0,1,37.513005
6.0,1,37.515168
5.0,1,37.517336
6.0,1,37.519399
-2.55,4,37.527611
-2.8,5,37.537337
5.0,1,37.539345
-2.05,2,37.543114
-2.05,2,37.546986
6.0,1,37.549168
5.0,1,37.551129
5.75,2,37.55499
4.75,2,37.559052
-4.8,13,37.586429
5.75,2,37.590832
-2.0,1,37.592859
5.0,1,37.595252
-2.55,4,37.604061
-2.0,1,37.606174
4.7,7,37.621182
5.0,1,37.623443
4.7,7,37.638491
5.0,1,37.640485
5.0,1,37.642569
-2.8,5,37.65282
5.0,1,37.654961
-2.55,4,37.663663
5.75,2,37.668037
5.75,2,37.67229
5.0,1,37.674409
4.75,2,37.678517
5.0,1,37.680832
-3.3,7,37.696614
-2.0,1,37.69907
-2.3,3,37.705881
-2.0,1,37.708215
4.75,2,37.712815
4.75,2,37.717306
3.65,12,37.744317
-4.85,18,37.783233
-2.0,1,37.785446
-5.25,18,37.824296
4.75,2,37.828444
4.75,2,37.832958
-2.0,1,37.835049
4.75,2,37.839387
-3.8,9,37.858557
-5.25,18,37.900715
-4.05,10,37.925326
-5.25,18,37.969799
5.0,1,37.972221
-3.05,6,37.986219
4.75,2,37.99118
5.95,2,37.996149
-2.05,2,38.001082
5.75,2,38.005879
-4.05,10,38.029689
-2.0,1,38.032058
6.0,1,38.034411
-3.3,7,38.050144
5.75,2,38.054782
5.75,2,38.059179
5.0,1,38.061308
6.0,1,38.063496
5.75,2,38.067861
5.0,1,38.070095
5.65,4,38.078628
5.0,1,38.080867
5.75,2,38.08528
4.75,2,38.089861
-2.8,5,38.101022
6.0,1,38.103227
-5.25,18,38.143248
-2.05,2,38.147521
6.0,1,38.149704
5.75,2,38.154074
5.65,4,38.162721
4.9,7,38.178216
-2.0,1,38.180321
6.0,1,38.182569
5.35,6,38.195671
5.0,1,38.197948
-2.05,2,38.202379
5.75,2,38.206753
4.75,2,38.211184
5.0,1,38.213346
-5.25,18,38.255129
6.0,1,38.257412
-3.3,7,38.273004
4.75,2,38.277623
-3.3,7,38.293635
6.0,1,38.296042
4.75,2,38.300581
5.0,1,38.302993
5.75,2,38.307589
5.95,2,38.312113
-2.0,1,38.314592
-2.3,3,38.321359
-2.0,1,38.323693
5.75,2,38.328809
-6.05,18,38.370042
-2.3,3,38.376539
-2.0,1,38.378885
-2.3,3,38.385698
-2.0,1,38.388197
6.0,1,38.390631
-3.8,9,38.412071
-5.25,18,38.453758
5.75,2,38.458278
-2.8,5,38.469782
-2.3,3,38.47684
4.75,2,38.481455
-3.15,8,38.499752
5.0,1,38.502092
6.0,1,38.504362
5.95,2,38.508679
5.65,4,38.517886
4.75,2,38.522315
-2.3,3,38.529217
6.0,1,38.531538
5.0,1,38.533826
4.75,2,38.538234
5.75,2,38.542856
-2.3,3,38.549412
5.15,6,38.562947
-2.05,2,38.567559
5.0,1,38.569971
5.0,1,38.572229
4.75,2,38.576689
5.95,2,38.58133
-5.25,18,39.961058
2.95,14,39.988443
6.0,1,39.990434
6.0,1,39.992381
-3.3,7,40.005921
5.95,2,40.009974
5.0,1,40.011961
5.75,2,40.01583
6.0,1,40.017735
-2.05,2,40.021575
6.0,1,40.023559
-2.35,4,40.031229
6.0,1,40.033241
5.0,1,40.035213
-5.8,17,40.067959
-2.3,3,40.073864
-2.55,4,40.081719
5.0,1,40.08378
-2.05,2,40.087725
4.45,8,40.103654
5.0,1,40.105554
6.0,1,40.107517
-2.0,1,40.109385
-4.3,11,40.130812
5.75,2,40.13494
6.0,1,40.136852
6.0,1,40.138853
-2.3,3,40.144691
6.0,1,40.14674
-2.05,2,40.150649
5.0,1,40.152616
5.0,1,40.154564
4.75,2,40.158426
-3.3,7,40.171833
-2.05,2,40.175717
5.0,1,40.177687
5.75,2,40.181495
4.75,2,40.185294
5.75,2,40.18904
-5.05,18,40.224596
-4.3,11,40.246275
4.75,2,40.250197
6.0,1,40.252161
5.0,1,40.254133
5.75,2,40.257921
5.95,2,40.261923
5.75,2,40.266028
5.75,2,40.269911
5.0,1,40.271958
2.45,16,40.30293
4.75,2,40.306965
5.0,1,40.30883
-2.05,2,40.312533
4.75,2,40.316503
-2.8,5,40.326226
6.0,1,40.328221
-3.55,8,40.343734
6.0,1,40.34574
4.75,2,40.34983
4.75,2,40.353795
5.75,2,40.357723
5.4,5,40.367863
-2.05,2,40.371779
-5.25,18,40.407482
-2.05,2,40.411404
-4.85,18,40.447598
5.45,4,40.455579
5.75,2,40.459761
5.75,2,40.463947
4.75,2,40.467919
5.0,1,40.469994
5.95,2,40.473975
4.75,2,40.477926
5.95,2,40.481897
-2.0,1,40.483872
6.0,1,40.485849
-2.3,3,40.491538
-3.05,6,40.503361
-2.3,3,40.509345
-5.25,18,40.545247
4.75,2,40.54908
5.0,1,40.551097
5.75,2,40.55498
4.75,2,40.558764
6.0,1,40.560689
4.75,2,40.564453
5.0,1,40.566383
5.7,3,40.572033
-2.05,2,40.575883
-2.05,2,40.579611
5.0,1,40.58154
-2.05,2,40.585378
4.75,2,40.589284
5.0,1,40.591219
-2.0,1,40.593099
4.75,2,40.597025
-3.55,8,40.612577
4.3,11,40.634522
5.75,2,40.638567
3.2,13,40.664894
5.9,3,40.670931
4.75,2,40.674855
4.75,2,40.67882
-2.0,1,40.680654
5.75,2,40.684617
4.75,2,40.688508
-4.8,13,40.714144
4.95,6,40.72619
5.0,1,40.728072
6.0,1,40.729981
2.7,15,40.758918
6.0,1,40.760847
5.85,4,40.768371
6.0,1,40.770231
-2.0,1,40.772115
-5.25,18,40.806571
-5.3,15,40.835287
4.9,7,40.849646
6.0,1,40.85165
5.75,2,40.855647
4.45,8,40.871987
-5.25,18,40.908466
-2.55,4,40.916412
-5.25,18,40.952466
4.75,2,40.956738
5.0,1,40.958938
-4.4,13,42.365698
6.0,1,42.367941
5.0,1,42.370136
5.4,5,42.381104
5.75,2,42.385444
5.7,3,42.392169
-5.25,18,42.433102
-2.0,1,42.435091
5.0,1,42.437199
4.75,2,42.441749
5.65,4,42.449666
6.0,1,42.451773
-2.0,1,42.453771
6.0,1,42.455895
5.9,3,42.461825
5.75,2,42.466533
5.75,2,42.471487
5.0,1,42.473663
-6.05,18,42.512751
-5.25,18,42.553802
5.75,2,42.55857
4.75,2,42.563244
5.0,1,42.565597
5.75,2,42.570636
-5.25,18,42.61272
-2.05,2,42.617139
5.95,2,42.621536
5.0,1,42.62383
5.95,2,42.628322
5.0,1,42.630552
5.75,2,42.63504
5.75,2,42.639384
5.75,2,42.643668
5.0,1,42.645952
-2.0,1,42.647974
5.0,1,42.65009
6.0,1,42.652194
5.0,1,42.65429
-2.3,3,42.660534
5.75,2,42.665092
5.75,2,42.66935
-2.05,2,42.673768
5.0,1,42.675969
3.2,13,42.704793
5.75,2,42.709117
-2.0,1,42.711251
-2.55,4,42.72003
-2.0,1,42.722171
4.75,2,42.72679
5.0,1,42.729154
5.75,2,42.733758
5.95,2,42.738283
5.0,1,42.740952
6.0,1,42.74324
5.0,1,42.745468
-2.05,2,42.749995
4.75,2,42.754512
4.75,2,42.758992
5.0,1,42.761273
-2.05,2,42.765785
-5.25,18,42.809228
5.75,2,42.814057
5.0,1,42.81646
6.0,1,42.818839
5.2,5,42.830698
-5.25,18,42.871631
6.0,1,42.873969
-4.85,18,42.914946
6.0,1,42.917302
6.0,1,42.919698
-2.0,1,42.922181
-2.0,1,42.924574
-5.05,18,42.969758
-5.25,18,43.01397
5.0,1,43.016316
-5.25,18,43.057115
5.2,5,43.068627
4.75,2,43.073027
-5.25,18,43.113495
-2.05,2,43.117744
6.0,1,43.120237
6.0,1,43.122865
5.35,6,43.137145
6.0,1,43.139435
5.0,1,43.141813
5.4,5,43.154188
-5.25,18,43.196695
-2.05,2,43.201033
-2.3,3,43.207658
-5.8,17,43.244355
-5.25,18,43.283442
5.75,2,43.287732
-6.05,18,43.325994
5.0,1,43.328197
-5.25,18,43.366432
4.75,2,43.370711
3.7,11,43.394949
-2.05,2,43.399599
-3.8,9,43.419943
6.0,1,43.422293
6.0,1,43.424651
-3.15,8,43.442772
4.75,2,43.447514
-2.0,1,43.449831
-2.3,3,43.456851
2.8,17,43.495723
6.0,1,43.498094
6.0,1,43.500473
5.4,5,44.793396
-2.8,5,44.802642
4.75,2,44.806335
4.9,7,44.819518
5.65,4,44.826974
5.0,1,44.828942
-3.35,8,44.844136
5.0,1,44.84614
4.75,2,44.850063
4.75,2,44.853901
4.75,2,44.857732
-2.05,2,44.861392
5.4,5,44.871056
-2.05,2,44.874895
5.0,1,44.876774
4.75,2,44.880688
-5.05,18,44.915176
5.75,2,44.9189
5.2,5,44.928217
4.75,2,44.932031
4.75,2,44.935767
-2.0,1,44.937565
-5.25,18,44.972246
5.0,1,44.974114
5.4,5,44.983727
5.95,2,44.987477
5.75,2,44.991284
5.0,1,44.993223
-2.05,2,44.99684
6.0,1,44.998826
-2.0,1,45.00074
6.0,1,45.002682
2.65,16,45.035114
2.9,15,45.064809
4.9,7,45.078495
6.0,1,45.080481
6.0,1,45.082584
3.2,13,45.108172
-5.25,18,45.144127
5.75,2,45.148171
4.75,2,45.152241
5.75,2,45.156428
4.9,7,45.17057
6.0,1,45.172459
6.0,1,45.174291
5.0,1,45.17623
5.0,1,45.178073
4.75,2,45.181749
-2.0,1,45.183617
6.0,1,45.185573
5.0,1,45.187512
-5.25,18,45.222756
5.0,1,45.224876
5.35,6,45.237335
5.75,2,45.241436
5.75,2,45.245489
4.95,6,45.257927
5.95,2,45.26203
4.75,2,45.266287
5.0,1,45.268446
5.0,1,45.270501
2.15,18,45.3073
4.6,9,45.326029
5.0,1,45.328129
-2.8,5,45.338117
4.75,2,45.342242
6.0,1,45.344213
4.75,2,45.348306
5.0,1,45.350295
4.75,2,45.354248
4.4,9,45.372274
5.9,3,45.378121
-4.85,18,45.412869
5.0,1,45.414754
6.0,1,45.416681
5.0,1,45.418519
-3.8,9,45.435992
5.0,1,45.438047
5.4,5,45.447714
-2.3,3,45.45342
4.75,2,45.45734
5.95,2,45.461164
4.75,2,45.464953
6.0,1,45.466807
6.0,1,45.468758
-2.05,2,45.472688
5.75,2,45.47666
5.95,2,45.48057
-4.55,12,45.50328
5.95,2,45.507385
5.0,1,45.50927
5.0,1,45.511181
6.0,1,45.513146
5.95,2,45.517051
6.0,1,45.519043
6.0,1,45.520917
-3.4,9,45.53831
5.2,5,45.54787
4.75,2,45.551836
3.95,10,45.57127
5.0,1,45.573281
-3.3,7,45.586949
-2.8,5,45.596514
5.95,2,45.600486
5.0,1,45.60244
-4.45,18,45.636496
5.9,3,45.642829
-5.05,14,45.671264
-2.0,1,45.67325
5.0,1,45.675328
5.0,1,45.677389
-4.85,18,45.713444
4.75,2,45.717442
5.75,2,45.721342
5.75,2,45.725535
5.75,2,45.729619
5.7,3,45.735496
6.0,1,45.737436
-2.8,5,45.747224
5.75,2,45.751345
5.0,1,45.753303
5.95,2,45.757405
5.15,6,45.769541
5.0,1,45.771663
5.95,2,45.775782
5.75,2,45.780228
4.45,8,47.15757
-3.05,6,47.169494
6.0,1,47.171659
-4.05,10,47.192194
4.75,2,47.196302
5.0,1,47.198281
4.75,2,47.202317
5.65,4,47.210455
-5.25,18,47.246558
5.2,5,47.256691
6.0,1,47.258647
4.7,7,47.272722
6.0,1,47.274625
5.95,2,47.278806
5.75,2,47.282917
-2.0,1,47.284872
4.75,2,47.289026
1.95,18,47.326456
-4.85,18,47.364653
-2.0,1,47.366576
5.75,2,47.37051
4.75,2,47.37446
3.7,11,47.39704
5.75,2,47.400922
6.0,1,47.40286
-5.25,18,47.439537
6.0,1,47.441499
-5.25,18,47.482293
5.9,3,47.489371
-5.3,15,47.523105
5.95,2,47.527362
-2.0,1,47.529407
5.7,3,47.535899
6.0,1,47.538085
4.75,2,47.542243
5.4,5,47.55332
4.75,2,47.55814
6.0,1,47.560479
4.75,2,47.565032
-5.25,18,47.604621
3.7,11,47.62684
4.15,10,47.647893
5.0,1,47.650019
-5.25,18,47.68635
3.55,14,47.715827
5.75,2,47.719946
4.75,2,47.724066
5.95,2,47.728165
5.0,1,47.730244
4.75,2,47.734421
6.0,1,47.736482
2.45,16,47.769432
5.75,2,47.773378
6.0,1,47.775342
6.0,1,47.777408
-2.05,2,47.781511
5.0,1,47.783862
5.0,1,47.786015
-2.0,1,47.78814
4.75,2,47.792298
-2.0,1,47.794367
-2.0,1,47.796503
6.0,1,47.798548
6.0,1,47.800668
-2.8,5,47.810841
4.75,2,47.814957
4.75,2,47.81905
5.45,4,47.827109
6.0,1,47.829155
5.7,3,47.83519
3.1,15,47.866157
6.0,1,47.868245
6.0,1,47.870228
-2.05,2,47.874135
4.7,7,47.888249
5.45,4,47.89637
6.0,1,47.898399
5.0,1,47.900485
6.0,1,47.902558
6.0,1,47.904636
-3.55,8,47.921066
5.75,2,47.925036
4.75,2,47.92928
6.0,1,47.931443
-2.0,1,47.9334
4.75,2,47.937346
3.05,16,47.970356
5.0,1,47.972435
5.75,2,47.976598
5.75,2,47.980814
5.2,5,47.991618
4.8,9,48.010224
-4.85,18,48.046135
-2.3,3,48.05199
4.95,6,48.064366
5.75,2,48.068317
5.7,3,48.074487
4.75,2,48.078681
5.45,4,48.086452
6.0,1,48.08841
-2.0,1,48.0903
5.0,1,48.092398
4.65,8,48.108458
5.0,1,48.110509
5.0,1,48.112582
5.0,1,48.114543
-2.8,5,48.124396
6.0,1,48.12639
2.7,15,48.157881
4.75,2,48.161886
-2.0,1,48.163963
5.7,3,48.170016
5.65,4,48.177934
5.0,1,48.179888
5.0,1,48.18184
5.75,2,48.185772
5.9,3,48.191736
5.9,3,48.198022
5.95,2,48.20239
4.9,7,49.550021
4.95,6,49.562315
5.9,3,49.568913
-2.05,2,49.572824
4.75,2,49.576934
4.75,2,49.580873
4.75,2,49.584827
5.75,2,49.588792
5.0,1,49.59079
4.7,7,49.604688
4.75,2,49.609182
4.95,6,49.621396
3.35,14,49.649952
5.75,2,49.65405
4.75,2,49.657967
6.0,1,49.659913
6.0,1,49.661891
4.95,6,49.673591
3.9,11,49.695629
5.0,1,49.697659
6.0,1,49.699642
4.75,2,49.70359
6.0,1,49.705517
5.45,4,49.713495
-2.3,3,49.719579
5.75,2,49.723672
5.65,4,49.731756
4.65,8,49.748368
-2.3,3,49.754454
5.45,4,49.762906
4.95,6,49.775007
4.75,2,49.779351
5.0,1,49.781331
5.65,4,49.789455
2.65,16,49.821996
-4.85,18,49.858243
5.95,2,49.862177
3.4,13,49.888243
6.0,1,49.890204
5.1,7,49.904528
4.45,8,49.920456
3.95,10,49.940198
5.75,2,49.944113
5.75,2,49.948109
5.75,2,49.952123
-2.0,1,49.954206
5.75,2,49.958207
5.0,1,49.960264
4.9,7,49.974571
-2.0,1,49.976469
5.75,2,49.980682
-2.0,1,49.982592
5.75,2,49.986782
5.75,2,49.990833
5.75,2,49.994956
5.0,1,49.996887
5.75,2,50.000826
5.0,1,50.002769
5.75,2,50.006648
4.9,7,50.020487
2.95,14,50.048615
5.35,6,50.06186
4.75,2,50.066343
5.4,5,50.077407
5.75,2,50.081867
3.45,12,50.107435
5.0,1,50.10958
6.0,1,50.111633
5.75,2,50.115855
4.75,2,50.120137
5.0,1,50.1222
4.9,7,50.137165
4.75,2,50.141625
4.95,6,50.154534
5.9,3,50.161023
5.75,2,50.165383
5.75,2,50.169595
6.0,1,50.171847
5.95,2,50.17594
-2.0,1,50.17807
5.95,2,50.182357
4.75,2,50.186554
5.95,2,50.19097
4.75,2,50.195315
5.95,2,50.199576
5.0,1,50.20165
5.0,1,50.203793
6.0,1,50.205901
4.95,6,50.219227
-2.55,4,50.228018
3.7,11,50.251565
5.65,4,50.259566
5.0,1,50.261538
6.0,1,50.263527
-2.3,3,50.269445
-2.05,2,50.273864
5.45,4,50.281756
5.75,2,50.285661
6.0,1,50.287639
4.75,2,50.291927
3.9,11,50.314836
5.75,2,50.319006
6.0,1,50.320976
-2.3,3,50.327187
5.75,2,50.331507
6.0,1,50.333661
5.9,3,50.339749
5.15,6,50.351789
5.95,2,50.355782
5.0,1,50.357727
5.0,1,50.359739
5.75,2,50.363872
4.75,2,50.367884
4.15,10,50.387637
5.7,3,50.393422
-2.0,1,50.395355
5.0,1,50.397422
5.75,2,50.401407
4.15,10,50.421817
6.0,1,50.423838
5.0,1,50.425889
-6.05,18,50.462118
5.0,1,50.464107
5.75,2,50.468225
5.75,2,50.472301
5.0,1,50.474241
5.75,2,50.478288
5.75,2,50.482341
6.0,1,50.484383
6.0,1,50.486336
5.0,1,50.48836
5.0,1,50.490306
6.0,1,50.492349
5.0,1,50.494359
5.75,2,50.498445
3.95,10,50.518516
-2.0,1,50.520458
4.75,2,50.524602
5.45,4,50.532685
5.95,2,50.536918
-4.85,18,50.575529
5.45,4,50.583622
-2.3,3,50.589922
5.0,1,50.59205
5.0,1,50.594027
6.0,1,50.596099
6.0,1,51.935098
6.0,1,51.93709
4.75,2,51.940777
5.75,2,51.944543
5.65,4,51.952206
4.45,8,51.967754
4.75,2,51.971848
5.0,1,51.973844
5.9,3,51.980108
-5.25,18,52.017054
5.75,2,52.021127
5.0,1,52.023093
5.7,3,52.029137
6.0,1,52.031177
5.75,2,52.035176
6.0,1,52.037174
5.2,5,52.047488
6.0,1,52.049501
4.45,8,52.065547
5.55,6,52.077588
5.0,1,52.079542
4.75,2,52.08373
4.75,2,52.08796
6.0,1,52.090007
5.0,1,52.092242
5.75,2,52.096895
6.0,1,52.099135
5.0,1,52.101384
5.0,1,52.103687
-2.05,2,52.10823
4.7,7,52.12396
5.95,2,52.128364
-2.05,2,52.132615
4.7,7,52.147863
5.95,2,52.152299
4.4,9,52.171578
5.75,2,52.175868
5.75,2,52.180284
4.7,7,52.195504
4.45,8,52.21267
5.0,1,52.214945
3.2,13,52.242121
-2.05,2,52.246157
6.0,1,52.248364
5.0,1,52.250475
5.65,4,52.258898
6.0,1,52.260934
5.65,4,52.269221
5.45,4,52.277665
5.9,3,52.283934
5.75,2,52.288064
6.0,1,52.290085
6.0,1,52.292159
5.65,4,52.300493
5.75,2,52.304496
-2.1,3,52.310379
5.75,2,52.314403
4.75,2,52.318458
6.0,1,52.320512
5.75,2,52.324607
4.15,10,52.346065
5.0,1,52.348269
5.45,4,52.356915
5.95,2,52.361234
5.95,2,52.365551
5.65,4,52.374202
4.75,2,52.378562
5.95,2,52.382942
5.75,2,52.386938
4.75,2,52.390885
-2.0,1,52.393658
-7.95,32,52.454643
8.0,1,52.45656
-8.35,32,52.517608
5.0,1,52.519569
-5.25,18,52.55392
4.75,2,52.557709
-7.95,32,52.619339
-8.35,32,52.68261
-7.75,32,52.743711
-7.35,32,52.804289
-7.95,32,52.864284
7.95,2,52.868008
4.4,9,52.885563
6.0,1,52.887478
5.0,1,52.889353
-7.95,32,52.949862
-8.75,32,54.398022
8.0,1,54.399897
4.7,15,54.428897
-7.95,32,54.490094
-4.4,13,54.515487
4.75,2,54.519289
6.0,1,54.52116
5.75,2,54.524991
-7.15,32,54.586542
-8.55,32,54.648988
4.75,2,54.653188
-7.95,32,54.720686
-8.75,32,54.78956
-8.35,32,54.863846
5.75,2,54.869068
7.75,2,54.874364
4.75,2,54.87969
1.95,18,54.926514
5.7,3,54.934016
-2.8,5,54.946787
-8.75,32,55.015482
5.95,2,55.019277
-8.35,32,55.079858
5.7,3,55.085472
5.0,1,55.087378
6.0,1,55.089345
-7.55,32,55.152082
-8.35,32,55.214956
-8.35,32,55.278499
-7.2,29,55.335526
-7.95,32,56.687819
-8.35,32,56.75046
-7.95,32,56.810781
-7.95,32,56.87231
-3.15,8,56.887048
-7.15,32,56.947933
8.0,1,56.949772
-8.35,32,57.01044
5.95,2,57.014305
-7.95,32,57.075574
4.7,7,57.088701
-7.55,32,57.150453
-8.55,32,57.213854
7.95,2,57.218011
-8.75,32,57.28247
-8.75,32,57.348196
-2.25,6,57.360423
-8.15,32,57.426357
-6.95,32,57.490622
7.75,2,57.494844
4.75,2,57.498979
-4.55,12,57.523949
-2.0,1,57.525895
7.75,2,57.530013
8.0,1,57.531981
6.0,1,57.53392
-8.35,32,57.597771
5.0,1,57.599739
-7.55,32,57.663296
